1214 1367 4007 1306 1812 1211 1148 1962 1760 1670 1625 4770 2939 1047 2594 2595 1503 2056 1262 26147 1332 1448 1761 1182 1221 1431 1580 1555 1080 4935 1094 2114 1900 1424 1266 1458 981 1254 1414 1541 2493 2331 1294 1350 2076 1605 1112 1588 1207 1071 2580 1857 3076 1337 1198 1232 2070 1146 2194 1744 1850 1737 1608 1262 1325 1136 1217 1231 1076 1055 1019 2053 3397 1189 1168 1159 2793 1532 3600 1289 1171 1165 1182 3095 2157 4279 1598 2906 1306 3211 1763 1254 1382 1655 919 1279 1446 1428 1030 1022 
3756 3665 3914 3352 2426 2379 2521 31658 3783 2859 3013 6586 6052 2404 6367 5650 3109 5447 2996 32393 3200 3970 3003 2472 2942 2243 11337 2712 2336 6670 3133 3752 3746 3305 3280 2971 2270 4841 3727 2702 3465 3804 2961 4824 4130 3295 12994 2972 3631 2574 3231 3800 5481 2665 2621 2350 4532 2863 4741 5672 4188 2958 3452 3486 2799 2230 3397 2921 2216 2535 3958 3262 11580 2141 2479 3548 5295 2818 2953 3640 2439 2452 2082 4697 4622 5264 3174 5863 2603 4800 3263 7710 3178 4581 3717 2837 2538 3136 2662 3023 
2353 1837 4599 2623 1667 1436 1699 2392 3672 1885 2033 3939 2235 1435 4964 2699 1831 2589 1397 27494 2499 1678 2465 1415 1402 2638 1881 2126 2173 1877 1553 2790 2442 1640 1734 1890 1185 2048 1644 1594 3364 3842 1749 1922 2435 2623 1629 2969 1894 1528 3338 4175 8825 2242 1390 1656 2552 1407 2234 2135 1745 4625 1702 1464 1724 1472 1720 1727 1392 1481 1264 2071 91352 1811 1419 5488 1928 2084 10475 1609 1736 1451 1346 3506 2680 4837 2225 3005 1644 3440 3696 1536 2539 1842 1250 4286 1379 2733 1572 1386 
1596 7238 3584 2076 2130 3342 1749 3557 2429 2324 4034 4679 2645 1784 2650 3993 2295 7073 2543 24356 1717 2008 2554 2628 1819 4397 2553 2330 1663 2472 2111 3769 2306 1900 2056 3854 1501 2090 1666 3230 4931 9861 1849 2166 3252 2403 1553 1925 2467 1846 2379 2618 8789 2266 2119 2067 3256 2171 3369 2325 2965 2528 2378 2579 3731 1636 2419 1763 2115 1617 1834 2533 4559 1701 1942 2110 2514 2755 2835 2061 1716 1826 1728 7613 3072 19115 2648 3511 2746 7404 2011 1810 1989 2323 2077 2168 1883 2388 1815 1939 
1195 1604 2644 1499 1721 1406 1578 2024 2215 1765 1977 3091 2118 1412 2712 2751 1894 3887 1492 38622 1363 1650 3279 1655 1373 1502 2117 1882 1245 3138 1324 2923 1979 1542 1677 2030 1427 1463 1407 1629 5382 1933 1582 1887 4278 4240 1304 1912 1509 1259 2735 2319 3883 1765 1413 1335 2837 1388 1979 2013 1743 2550 1669 1370 2079 1423 1720 1465 1380 1754 1282 2208 3597 1308 1449 1419 1736 2325 2059 1651 1381 1434 1221 4272 4788 3028 2603 3862 1432 3758 1419 1474 1769 1774 1123 1506 1554 2739 1338 1280 
1687 2031 2526 1857 2744 5888 1612 3369 4139 8195 3827 4440 4053 1592 4551 2857 2088 2693 2028 75218 2109 1933 2588 2060 2042 5291 2239 1945 1511 2534 1747 2713 12432 1846 2024 2779 1517 1977 8832 2249 2958 2837 1986 2254 2649 2508 1836 2423 2268 1974 3736 2224 4066 2760 2615 2386 2648 1979 2696 3397 2288 2587 2324 1986 1759 1633 2207 1737 1737 1711 1649 2802 10340 2239 1990 1737 3285 2265 2415 1937 1651 1752 2584 4127 2830 4634 3555 3999 1704 4021 1643 1972 2469 2238 1457 2000 1593 2348 1797 1922 
3012 2454 3136 2870 2504 2154 2312 3140 3770 5118 3190 5777 3314 1993 15941 4550 2997 2796 2098 80853 2680 2558 2997 2540 2757 2484 2706 2672 2061 63834 2346 3591 3840 2158 2361 2833 1891 2832 2178 2749 3606 4156 2167 3263 5653 4300 1916 3119 2178 2407 2972 4406 4962 2551 2083 2607 3201 2282 3063 4561 12815 2621 3623 1991 2421 2011 3091 2866 2192 2165 2101 3751 4168 4264 2104 2126 3279 2477 35018 2321 3342 3498 2651 3519 4151 9452 3511 3563 3097 4031 3443 3090 2292 5691 1913 2604 4473 2876 2638 1992 
1285 1540 2364 1445 1546 1267 1170 1957 1893 1733 2128 2934 1809 1220 2022 2533 1777 2047 1358 119852 1447 1533 2226 1224 1606 1296 1934 1584 1915 2893 1286 2902 1590 1654 1434 1445 1118 2586 1327 1534 2245 1928 1479 1658 2443 1774 1163 1746 3180 1434 2064 1803 4944 1636 1361 1443 2590 1399 1905 1839 1567 2676 1542 1336 1404 1223 1331 1425 1252 1263 1124 2137 5409 1165 1366 1490 2745 4591 2043 1453 1359 1520 1249 2415 2303 2984 1813 3709 1266 2782 1442 1230 1525 1890 1018 1737 1610 1869 1301 1122 
1219 1953 3203 2310 1435 1372 1257 1893 1604 1614 1962 2685 1629 1158 1934 2530 1872 3277 1301 17681 1493 1530 1827 1412 1626 1344 1478 1599 1164 1669 1075 2914 1575 1376 1442 7983 1023 1285 1510 1600 3861 1801 1703 1480 1989 1740 1019 2018 1248 1164 2427 2252 3378 1465 1205 1311 2770 1217 1903 1934 1497 2031 1333 1215 1647 1444 2170 1324 1257 3065 1110 1888 5972 1234 1627 1297 2158 1638 2038 1290 1302 1701 1190 3863 2202 2927 2220 3619 1335 5863 2009 1239 4351 2082 982 1409 1189 1867 1112 1066 
1155 1483 2290 1426 1680 1306 1301 1926 1756 1727 1939 3852 2452 1255 2291 7545 1854 8162 1376 38428 1359 1618 2003 1474 1300 1246 2115 1737 1444 2038 1277 3219 1576 1454 1730 1639 1141 1532 1417 1725 5115 1806 1317 1532 2776 1878 1135 3376 1585 1390 2515 2063 5154 1912 1184 1563 2932 1370 2092 1870 2281 2882 1830 1200 1393 1337 1422 1571 1286 1485 1202 3229 4329 1226 1470 1380 1999 2524 1976 1519 1432 1886 1277 5727 3215 3043 2448 3124 1622 3000 1449 1477 1571 2177 1164 1750 1248 2065 1299 1358 
1588 2127 2991 1914 2790 1811 1472 2820 2669 2372 2713 5213 2899 1584 2402 5962 3292 5441 2479 29232 1868 3604 2298 1748 2310 2472 2360 2721 1994 2356 1642 3973 1944 1887 2036 3126 1913 1776 1795 3035 8855 2604 2015 2253 11582 2388 1400 2088 1825 1691 4619 2052 7414 2108 3005 2397 2750 1818 3613 2967 2134 2509 2601 2760 2874 2195 2300 1820 1928 2017 1972 2529 4323 1482 1723 1793 10305 3759 2552 2004 1763 1965 1556 16737 2827 5531 2937 4074 1666 15105 1625 1951 1892 2312 1471 1947 1703 3717 1675 1560 
1279 1558 4714 1354 1660 1347 1151 1931 1801 1808 1931 5176 2829 1097 5927 2453 1600 2220 1289 21148 1738 1452 1952 1258 1310 1567 2006 1783 1217 3609 1228 2575 1855 1553 1407 1583 1009 1289 1492 1532 2879 2239 1414 1438 2025 2291 1234 1821 1491 1203 2280 2136 3171 1445 1228 1336 2341 1311 1881 1802 1583 1845 1442 1330 1430 1264 1569 1419 1275 1178 1110 1833 3277 1766 1276 1236 1745 1852 11319 1519 1292 1259 1163 3202 2386 5044 2150 3020 1387 3319 1958 1385 1445 1720 1068 1377 1241 1636 1182 1245 
1298 1690 2765 1665 1783 1587 1371 1904 2280 1957 6275 4308 2013 1292 2189 2756 2169 2556 1481 24150 1544 1861 2764 1420 1501 1587 5264 1821 1500 2988 1549 2437 2242 1461 2254 1872 1287 1503 1442 1636 2594 2084 1467 1799 2618 3183 1270 1855 1506 1571 2611 3458 9245 1949 1496 1604 2990 1566 2491 2854 1867 6882 4821 1834 1726 1455 1682 1676 1473 1339 1520 2069 4580 1766 1590 1514 3397 1946 2232 1525 1631 1502 1580 3760 2426 3306 2044 4503 1495 4620 1534 1947 2046 2554 1762 2097 1479 3327 2487 1367 
1387 1817 2068 1617 3424 1699 1344 2033 1872 2165 1939 3770 8808 1410 2846 2638 1759 2370 1514 38828 1666 2756 3626 1633 1484 1318 1846 1878 1242 1943 1321 2653 1705 1683 1726 1735 1202 1434 2463 1611 2477 3189 1524 1701 2228 2989 1221 2042 1567 1219 2507 1734 3982 2165 1287 1490 4797 1311 2465 2121 1701 1906 2921 1411 1497 1371 1520 1793 1361 1384 1328 2205 4620 1344 1550 1493 2122 1839 2128 1778 1659 1414 1394 2780 6487 4673 2728 7733 1391 2993 1411 1465 1653 1825 1112 1412 1456 1814 1281 1355 
3736 4091 4400 3284 4271 6418 3225 4454 3581 4071 3862 7135 4000 2710 32295 5326 5646 5381 4270 45202 5174 3706 4186 2941 4727 4095 4496 4887 3589 4551 3996 5886 5908 3320 3665 3467 2756 3538 2925 5363 4615 5342 3059 3401 4757 8022 2902 3539 3334 2873 5551 3907 6113 13617 2895 3496 4803 12812 5143 4380 7727 4347 3069 3377 4688 2973 3426 5679 3359 3688 5816 5073 17704 7470 2894 7134 4424 3385 73482 4700 11559 8001 4182 5599 4017 17250 3807 4518 2984 6808 4283 4231 3888 4036 5090 4509 4127 3171 3155 2753 
1576 1831 4209 1880 2044 2537 1833 2343 2603 3173 2409 4097 2918 1575 3147 8375 2078 4310 1861 26121 1864 2302 2939 2047 3055 1978 2431 2275 1843 2206 1562 24109 2201 3261 2087 2247 1446 1894 3108 2554 6793 2942 2087 1840 3764 2276 1452 2177 2227 2101 2897 1794 4492 2162 2082 1631 2603 3128 2436 2098 1830 2755 1836 2357 1987 1966 1851 2003 1591 1578 1496 2695 10461 1759 2165 1947 2209 2678 2888 1918 1602 1632 1768 7945 2921 4489 3737 3262 2562 7120 2142 1860 1999 2812 1486 2039 1658 2730 1575 1688 
1883 2250 2834 2500 2441 2338 2052 2555 2503 2388 3051 4384 2259 2540 2922 3172 5858 2984 3042 18879 3676 2038 3388 2591 2165 2012 2790 3484 2309 2680 12352 6366 2430 2603 2950 2583 2226 2002 2232 2387 5592 4291 2755 2778 3135 2884 2234 2902 2062 1872 22284 2159 5322 3033 2762 2205 4703 2353 3430 3327 3062 3210 2794 1936 3011 4040 2075 3340 3999 2153 1781 28627 5600 1891 2423 2322 4797 2831 4382 2274 2220 1949 2147 38585 3307 3613 2803 7410 2449 4891 1930 2997 2197 3738 1861 2492 2233 2469 1883 1925 
1204 1370 2130 1468 1785 1638 1189 2104 1931 1608 2163 3561 1898 1196 3217 8736 1690 1953 1490 105220 1461 1567 2529 1349 1584 1311 1937 3167 1239 2605 1255 7222 1659 1406 1725 1563 1261 1753 1377 1731 2325 2138 1455 1476 2153 2479 1270 2549 1562 1358 2329 1501 5411 1709 1259 1456 3061 1395 2270 1774 1597 2601 1393 1364 1542 1475 1503 1579 1214 1474 1130 2933 7788 1345 1563 1561 1671 2360 5036 1477 1358 1793 1223 3219 2877 3643 1804 3506 1463 3661 1442 1396 1530 2241 1038 2177 1532 2133 1261 1152 
1303 1770 2357 1626 1782 1458 1447 2061 1905 1954 2472 7048 1927 1414 3647 3587 2266 2490 1582 24794 1766 2142 2064 1392 1534 1495 2029 2010 1476 2485 3169 3072 2064 1528 1779 1856 1431 1786 1632 2292 3906 2512 1524 1529 2147 2018 1298 1904 1884 1286 2958 2042 3282 2134 1828 1439 5166 1369 3125 2077 1786 1885 1716 1664 1954 1753 1687 1773 1727 1353 1232 6385 4671 1386 1622 1607 2380 3230 4047 1700 1421 1570 1385 13691 6629 3487 2198 5074 1713 7850 1478 1800 1538 2244 1195 1677 1717 2712 1322 1543 
991 1388 3958 1336 1380 1138 1145 2012 1738 1462 1621 3710 1471 1104 2774 2347 1523 2141 1194 17224 1270 1420 2334 1273 2028 1130 1590 1465 1208 1566 1077 2619 1554 1449 1247 1537 962 1537 1190 1284 2773 1638 3379 1696 2059 2022 1066 1621 1419 1129 2118 1539 3611 1671 1074 1279 3298 1073 1680 1560 1305 2160 1265 1277 1196 1185 1322 1315 1152 1212 1096 2032 4240 1151 1136 1222 1504 1766 3518 1299 1272 1232 1333 2638 2175 3107 1747 2807 1259 4186 1376 1115 1384 1479 948 1286 1162 1455 986 1001 
1446 2370 2966 1829 1752 1898 2238 2202 2561 2077 2375 4041 2273 1679 2818 2790 2155 4217 3990 24674 1829 2551 2285 2953 2314 2117 2990 1906 1922 2302 1539 3292 3851 1810 2268 1811 1709 1766 1568 2579 3998 3350 2118 2060 2591 2308 1414 2207 1612 2336 2822 2367 4202 2004 1937 1690 3182 1590 3338 2061 2085 2956 1748 1990 2414 1852 2220 4191 1941 1768 1458 2681 3676 1550 3326 1672 3049 1987 2617 1828 2410 2550 1784 10830 3926 3228 2465 4239 1622 9749 1828 1659 8326 2003 1521 1754 1710 3434 1528 1528 
1228 1581 4722 1622 1638 1341 1591 2052 2444 2021 2230 5193 1667 1294 2434 3250 1751 1910 1903 17162 1370 1863 1948 1784 1341 1417 2385 1655 1248 4154 1261 3433 1976 1604 1948 1897 1220 1685 1349 1655 2636 4150 4523 1550 2889 2312 1214 1895 1354 1622 3919 1836 3217 2205 1333 1388 3802 1935 2768 1906 1835 1854 1511 1221 2082 1343 1451 1860 1369 1308 1252 2336 3465 1461 1677 1360 1997 1781 2510 1541 1872 1367 1418 2982 2491 3734 1955 3231 1536 2891 3650 1617 2469 1830 1219 1596 1438 2016 1259 1276 
1106 3123 2041 1366 1783 1483 1127 1945 1671 1586 2767 7075 2692 1131 2254 3752 1549 1838 1346 25238 1264 1535 1936 1266 1245 1552 1659 1869 1163 1957 1165 2810 1521 1438 1565 1640 1033 1224 1400 1746 2251 4673 1373 1409 2205 2191 1160 2455 1236 1072 2154 1576 3776 1691 1172 1436 4481 1166 1864 1818 1456 1790 1853 1403 1924 1173 1577 1304 1250 1269 1185 2442 5970 1150 1257 1439 2322 1643 2881 1346 1209 1248 1282 2471 2203 3173 2116 7689 1295 4172 1273 1410 1496 1779 970 1402 1264 1837 1141 1084 
1421 1888 2370 1810 2035 1511 1457 2062 2465 1850 2244 4838 3710 1288 2527 3483 2777 2605 1499 25830 1507 1612 2420 1437 1424 1767 1861 1829 3140 2628 1425 2464 1967 1600 1851 1809 1238 1675 1994 1783 4194 2399 1501 1874 2286 2354 1320 2263 1547 1355 4393 1698 4772 1816 1355 1768 2811 1535 2057 4226 1750 2214 5304 1311 1639 1350 1571 1865 1910 1354 1401 2133 27651 1442 1338 2532 2869 2222 3040 1656 1684 3053 1504 2883 2892 4941 2261 3896 1500 2675 1604 1534 1955 3077 1189 2295 1676 1812 1493 2006 
2713 3921 3573 3245 3451 5232 2881 4164 4566 4330 3756 8696 3358 5254 5413 4013 4585 4518 3695 76377 4768 3232 5854 2789 3080 3626 3965 7103 3007 5431 3381 6968 3969 3005 3202 4105 2780 3616 4213 3345 3978 5296 4804 3125 3935 5249 5972 3642 3699 3501 5810 3243 5866 5070 3507 5503 3973 2914 4708 4567 8308 4087 3042 3956 3022 3240 6114 3122 4419 3675 3218 4210 5789 3150 3638 3037 3574 3426 3859 4373 3482 6064 3689 5466 5257 6009 4310 6478 7541 11704 3136 3052 3853 4388 4845 4442 3624 3464 8011 3603 
1688 2511 3404 2086 1991 1874 1722 3037 2419 2437 2223 3831 2338 1740 4917 3707 2532 2384 1911 17385 1761 1908 2781 2113 1714 3705 2276 6096 1687 2355 1506 2781 7912 2007 2344 3162 1881 1921 2001 2072 3665 2935 2003 4282 2617 3592 1513 2420 1998 1894 2512 6104 5133 1954 2208 1903 2981 1914 2622 2380 2808 2904 2516 1733 1958 1658 2368 2376 1768 1587 1520 2875 8086 1754 1835 1958 2715 2357 2525 1877 1890 1637 1616 4943 8628 3395 2338 3434 1937 6355 2005 2256 3306 1920 1384 1909 2049 2058 2005 1981 
3917 4420 4365 4536 10048 4789 3954 5254 14329 4234 9158 366384 6411 4018 5005 5809 4275 5813 6232 26402 4666 12162 5650 3781 3991 4033 4011 3857 4029 9581 7208 5016 3803 3694 4929 3879 3234 4496 9978 3767 14192 5570 4277 3638 6484 4688 4012 6397 3767 3696 4403 4013 8335 13008 8597 10383 5867 6087 4022 6357 4333 6393 4995 5099 3746 3425 4495 7402 5066 3533 3555 9886 7374 5226 3422 9559 4525 6282 4438 4183 3466 4085 4771 9050 5211 12724 4635 6720 10653 5070 3638 5762 3867 4885 3394 7186 7567 4082 3887 4352 
1259 1486 2192 1412 1487 1218 1302 2214 1867 1449 1811 2813 2260 1098 2484 2451 1508 2356 1388 24825 1474 1343 2187 1233 1977 2004 1761 1613 1559 1632 1176 2399 1737 1460 1647 1710 1353 1331 1318 1716 2812 1961 1466 1563 2224 1713 1208 1756 1319 1160 3160 1635 4546 1777 1143 1462 3737 1211 2814 3809 1333 3578 1461 1144 1264 1158 1287 1444 1255 1315 1099 1935 11841 1088 1389 1642 7294 1713 1951 1343 1510 1367 1147 2607 3678 2931 2276 7003 1348 2683 1335 1279 1433 1543 1088 1591 1185 1885 1112 1123 
1817 1994 3347 1805 2060 1902 2374 2952 2138 2211 3432 3880 2467 1563 5077 4571 2290 2862 1849 98389 2615 2660 24248 1888 1890 1700 2445 3082 1651 3445 1733 4344 2119 2094 2178 1820 1568 1868 1807 1813 4147 2784 1884 1896 2893 2985 1617 4391 2091 1620 3103 2688 5896 2420 1497 2079 2837 1668 2644 2773 1879 2689 2062 1742 2042 1898 1941 2055 4179 1750 1493 3936 9688 1907 2569 1901 2322 2909 5837 1906 1872 1934 1720 3177 6861 4505 2406 3401 1681 3110 2157 1830 2059 2897 1330 2264 1623 2045 1580 1695 
1543 2056 2855 1825 2613 2456 2041 2236 2143 3396 3078 5908 2127 1625 7706 4171 2054 2834 1913 24782 2004 1867 2646 1653 2448 11502 2434 2245 1752 2151 1683 3523 29709 1730 1875 2130 1479 2187 2751 2551 2618 2512 1737 2084 2670 2265 1535 3334 3092 1605 3318 2999 3566 2309 1658 1893 2812 1671 8380 3045 1793 2684 2064 1706 1879 1599 2597 2140 1933 1585 1558 3893 8436 1956 1992 1915 4666 3677 3519 1919 1777 1791 1923 3167 4376 3374 2378 3576 1717 3401 1704 1940 2013 2323 1486 2249 1727 2013 1807 2333 
1421 1458 8007 1565 2556 1572 1233 1877 2341 1875 1993 3249 5146 1265 3591 2510 1778 2573 1377 33316 1337 1465 2007 1511 1253 1594 1708 1732 1226 2666 1368 2639 2101 1279 1496 1599 1017 1322 1811 1854 2785 3596 1333 1659 3735 1962 1138 1506 1319 1114 2135 1525 3608 1382 1181 1213 2442 1288 2233 1958 1736 2040 2311 1211 1375 1253 1296 1354 1281 1263 1195 2340 16567 1542 1292 1834 1704 2056 6279 1565 1255 1302 1132 3561 2257 5077 1825 3824 1329 2690 1213 1298 1544 1720 1051 1802 1272 1632 1135 1224 
1646 2366 4003 1846 3024 1995 1984 2385 2670 2197 3002 7759 3025 2561 4209 6898 3542 12730 1829 17750 1925 3654 3772 2777 2170 1949 2551 2552 1670 2493 1741 3060 2984 1728 2477 2185 1740 1867 1931 3024 22113 3135 2882 2180 3087 3623 1546 2545 2156 1658 2583 2361 4135 2557 2184 2033 3709 1835 8258 2839 2227 2398 2281 2754 2673 2006 2719 1937 1899 2263 1738 2770 3963 1948 2164 2039 2446 2492 2483 2583 1855 7354 3065 13766 3596 4258 7320 4720 2034 19200 1749 1810 2403 3155 1505 1772 2186 2344 1689 1881 
3966 3289 5159 7243 4238 3104 3806 7321 4294 3348 5616 4609 4966 4035 4168 4974 3644 5528 3059 57593 3391 3897 4309 3807 3244 3558 6497 5101 5542 4469 5987 4722 4599 3605 3358 5194 3258 5076 3239 3259 4485 3660 3209 13120 4852 6104 7746 4783 16341 2986 4135 3879 9243 31458 3148 6403 8516 3854 3729 5099 4879 3780 3539 4681 3147 2967 5189 8050 3874 4947 2922 5003 12825 3724 3130 3221 4940 7344 8785 4295 3102 5507 2983 5410 4868 6400 3485 7233 7209 4727 5200 3247 4120 3634 4450 3190 3043 7016 2988 3771 
2370 2240 4386 3214 2847 1915 1761 2645 7030 2604 4920 5561 2748 1971 3978 3689 2441 4513 1975 25209 2682 2032 3473 1866 2431 1947 8392 2985 1810 2341 2177 10030 3640 2124 6067 4528 1734 2359 1944 2197 3696 2781 2724 2479 3500 3359 1793 2689 2085 1909 2952 2898 4668 2528 2188 2249 3013 2328 2457 4814 2148 2969 2444 2012 3341 2134 2194 2323 1865 2196 2386 7372 3997 3055 2463 2174 2362 2844 2640 4243 2314 3033 1853 5283 6540 4248 2625 5619 1947 4298 2391 1934 3789 3067 1965 2199 1876 3034 1775 2541 
927 1239 1998 1140 1225 1123 1040 1691 1360 1511 1730 5650 1332 910 1705 2878 1439 1615 1132 23614 1142 1195 4020 976 1110 1039 1534 1383 1101 1449 942 1954 1409 1069 1184 1269 820 1139 1126 1203 1995 1591 1213 1339 2428 1521 927 1446 1227 895 2274 1464 2915 1315 930 1067 2457 993 1924 1412 1163 1583 1426 945 1101 1009 1117 1191 1257 959 891 1608 4149 941 1058 1090 1377 1999 1700 1043 1078 1180 943 2265 2107 3324 1463 3249 1086 2356 1317 1054 1162 1450 810 1191 1014 1423 883 993 
1660 2215 2473 1759 1946 1647 1498 4712 1921 2167 2350 3791 2899 2256 2496 3971 1880 2512 1746 17106 1432 2511 2422 1621 1421 1539 2658 2181 1201 2058 1467 2435 2141 1661 1779 2233 1179 1536 1671 1720 2784 3547 2137 3224 2644 1922 2357 2090 1797 1266 2801 1823 6405 1849 1379 1750 2557 1452 3163 2000 1629 1959 2032 1496 1769 2293 1661 1702 1346 1582 1488 2354 3908 1414 1604 1410 2221 2050 2492 1468 1479 1496 1386 3159 2369 3300 1865 3030 1377 3538 1582 1926 2014 1940 1319 1585 1576 1996 1261 1432 
1343 2001 2253 2362 2012 1448 1326 2044 9006 1801 3069 2945 1731 1390 2740 3973 2220 2533 1434 17404 1601 1635 2535 1419 1908 2199 2428 2218 1347 1841 1316 3081 4226 1403 1670 5989 1282 1517 1548 1651 2504 2243 1619 1717 2096 2735 1368 2242 1553 1319 2939 2912 3574 1802 1324 1445 2806 1492 2099 2117 1604 3908 2169 1436 1603 1836 2226 1785 1569 2514 1277 2324 4829 1502 1735 1451 2522 1879 2542 1571 1479 1542 1270 2897 3116 3807 1781 8697 1862 4248 1482 1681 5413 2112 1260 1605 1569 2686 1527 1400 
22972 30854 25145 16010 45177 161096 16073 31265 17207 38261 24020 33152 16520 16153 45660 38834 16402 96428 52233 53787 16043 23565 17821 15938 23183 23066 16536 24051 44939 23746 15852 17445 23534 30423 16091 16198 15795 16108 16004 17126 17049 16505 16177 24810 16692 16649 16049 16165 23637 15823 25010 30591 25786 16561 16063 37853 17582 23267 34592 16555 16818 16632 16419 15920 66937 15979 23338 132131 23432 16043 15746 60264 61539 15746 16196 23253 16183 16713 16641 16146 15839 37897 15985 19200 17504 32160 16426 19841 16295 20245 15912 15898 16273 16307 23017 23486 23205 16691 16099 15898 
1066 1624 3178 1351 1696 1252 1166 1938 1895 1611 2385 3312 2023 1208 2389 2485 1515 2063 1150 16895 1212 1779 1997 1173 2311 1372 1580 3791 1234 1707 1096 3976 1690 1705 1451 1479 980 1321 1263 1530 2501 2375 1364 1723 2359 2452 1066 1647 1257 1133 1942 1922 3647 1471 1238 1280 3411 1222 1780 1724 1392 2294 1494 1319 1379 1224 1511 1526 1122 1257 1090 2333 4442 1118 1260 1197 1587 1757 2321 1382 1239 1266 1229 3060 2241 3036 1841 4883 1305 4105 1362 1287 1554 1604 969 1264 1138 1829 1108 1100 
1778 4033 5412 2376 2964 2373 2657 2826 2322 2484 3070 7162 2555 2157 5169 3107 12022 2961 2025 24934 1968 2192 2526 1876 1944 1920 3006 2219 1828 2835 1893 3333 2168 2249 4092 3244 2024 2424 2120 3487 2896 3295 2538 2898 3913 3034 3503 2469 2247 1837 2876 2269 3957 2681 1931 2262 3709 2310 13489 2584 2928 2422 2768 1938 2158 1892 3732 2955 2486 2680 2152 3222 4416 2962 2442 2381 3545 2861 3846 2377 2034 1954 2465 6865 7392 4249 2704 5063 2111 5700 3912 1951 2416 2388 3507 2106 2558 3124 1769 2078 
1473 2639 2846 1902 2339 1712 1497 3287 2114 2182 2897 3506 2446 1538 3953 4128 2021 3193 1597 40660 1735 2338 3127 1575 1609 1746 2434 1931 1633 2359 1499 3271 2381 1848 2802 2084 1527 3029 1856 1983 5232 2447 1814 1981 2691 2346 1671 1871 2256 1582 3354 2260 7661 2098 1670 1658 12664 1483 2236 2210 2149 4102 2029 1565 1916 1582 1797 1981 1657 1667 1443 3405 4923 1818 1785 1775 2693 2519 5611 3135 1723 2869 1468 4087 3710 18368 4874 23915 1779 3657 1693 2071 2165 3085 1441 3936 1914 2973 1755 1419 
1097 1575 2007 1395 1543 1382 1130 1855 1647 1920 1744 4896 1843 1081 4208 2438 3150 3237 1544 20464 1507 1479 1937 1410 1800 1310 2009 1689 1163 2119 1189 3625 1807 1217 1433 1528 1047 1232 1415 1385 2578 1860 1516 1965 3070 2163 1034 2094 1259 1465 6390 1521 5835 1545 1242 1722 2200 1663 1833 1727 1534 2636 1474 1192 1428 1196 1419 1416 1424 1191 1096 2478 3427 1469 1259 1231 2277 1701 8245 1292 1348 1284 1179 3295 2637 3708 1890 2771 1214 2975 1234 1270 1521 1700 1007 1629 1172 1632 1173 1096 
1690 1812 5774 2147 1990 1619 1525 2523 2848 2018 2356 4888 2411 1546 3130 3878 2082 2736 1586 25345 2504 1695 2496 1930 1632 1713 2066 2123 1900 2817 1572 2506 2148 1540 1852 2138 1321 2023 2133 1801 3190 2420 5708 2414 2849 2980 1610 2181 2059 1490 2528 2290 4249 2798 1590 1991 4920 1702 3477 3396 1771 2588 1766 1868 1863 1608 4086 3095 1650 1626 1748 2288 6333 1855 1641 1686 2258 2095 4617 2299 2256 1527 1532 3449 2553 3525 2626 3230 1857 3108 1743 1593 1758 1969 1750 1992 1614 2069 1543 1551 
1669 23033 4162 2830 3420 4143 2017 2888 2969 3734 3743 4621 2463 2619 3674 4174 2113 2372 2148 18667 1893 2217 2844 1787 2147 1925 2514 2388 1680 3519 1846 4107 2244 2918 1978 2570 1867 2085 1895 7172 2717 37074 2195 2331 4929 4759 2229 2435 1824 1648 2846 2712 15147 2267 2379 2560 3078 2152 5144 2357 4275 2338 2054 3833 10477 1763 4407 2123 2652 1746 3454 2984 4995 1864 2805 3124 2182 2350 7600 2265 1965 1865 1815 4267 3807 5968 2307 3640 1782 12223 2208 1868 2347 2284 1599 1868 2535 2094 2076 1662 
1479 1793 2447 2051 1846 1853 1484 3292 3186 2362 3171 3601 2315 1400 2560 3952 1849 2424 1531 24752 1790 1833 2249 1586 1865 2354 2610 1846 1428 1840 1612 5174 2537 1620 2924 1825 1698 1774 1902 1685 2871 3506 1741 2119 2628 2092 1806 3516 1630 1542 2288 2312 3464 2409 1634 1741 3154 1615 3755 2002 1862 2152 1780 1854 2005 1474 2032 1597 1822 1509 1443 4358 8936 1486 1635 1820 2039 1910 2578 1971 1589 1694 1645 3299 2881 3057 2068 4640 1681 3089 1552 1791 3983 2245 1524 1727 1534 1999 1325 1532 
1233 1419 2592 1381 1521 1259 1111 1772 1705 1660 2268 5446 1729 1096 2191 2375 2050 2880 1250 35988 1473 1771 1835 1168 1269 1602 2045 2014 1319 2179 1100 3029 1617 1276 1439 1726 1130 1328 1254 1506 2661 1903 1458 1444 2019 1821 1078 2007 1312 1036 2395 2039 5045 1573 1117 1564 2538 1162 1895 1686 1532 1828 1411 1188 1296 1123 1476 1456 1148 1302 1004 1874 7901 1212 1317 1367 5111 1894 1934 1344 1234 1898 1243 2870 2679 3628 1693 3166 1335 3363 1615 1212 1508 2059 1020 1430 1389 1781 1111 1058 
1419 1907 2406 1878 1802 1583 1372 6544 1921 1684 2087 3526 2858 1213 2929 2448 1565 2537 1431 17025 1301 1471 2024 1803 1440 1359 3521 2034 1155 1753 1732 2364 1568 1441 1995 3160 1056 1424 1498 1515 2648 2644 1635 1379 2124 2169 3191 7775 1381 1204 2119 1706 3295 2639 1279 2132 2382 1328 2159 2212 1596 1776 1793 1468 1553 1266 1710 1388 1403 1705 1302 6527 4634 1262 1442 1284 2042 1621 2837 1896 1295 1571 1302 3268 2424 3218 1656 3045 1327 4250 1287 2433 2230 1935 1325 1431 1277 1596 1257 1274 
1515 2007 2476 1989 3067 1684 1670 2247 2920 2075 3677 4124 2194 1651 2845 2819 1863 4708 1636 17192 1806 3357 2339 2056 2710 1763 2365 1909 1577 2130 1501 23771 2336 1930 2063 1795 1600 1952 1626 2765 6892 3653 2053 1955 3193 2646 1326 2137 1703 1528 2392 1897 3683 1577 2266 1558 3434 2433 2652 2966 1784 2272 1744 1702 3489 2014 1546 2117 1559 1565 1329 2559 8467 1629 2779 1809 1949 2089 2333 1835 1546 1910 1338 17703 3916 4207 3319 3839 2008 16368 1588 1822 2199 2255 1430 2241 1646 2349 1620 1502 
1388 2158 2271 1556 1939 2819 1399 2333 2152 2070 2415 3862 2309 1292 2523 3066 1892 2974 2006 38916 2404 3613 3017 1803 1622 2121 1905 2168 1565 2640 1640 2416 1922 1868 2331 2205 1238 1618 1704 1734 2986 2444 1756 1659 2413 2995 1322 2419 1968 1429 2505 2123 5167 2166 1504 2179 6636 1632 3290 2723 1793 2416 1696 1585 2179 1367 1805 3144 1691 1510 1245 2943 4698 1446 1855 1625 2663 2155 2442 1893 2133 1712 1445 3111 2959 3248 3045 11485 1719 3210 1496 1721 1746 6825 1410 1718 1504 2068 1635 1521 
1381 1670 2218 1635 1820 1728 1457 2215 2035 1888 1984 3096 2527 1454 2930 2779 2535 3005 1897 17902 1424 1707 3043 1474 3566 1512 2051 10348 1767 2009 1331 2857 1840 1779 1780 1771 1274 1682 1571 1787 3814 3020 1536 1781 2343 5198 1443 2408 1855 1666 4277 1921 3441 1740 1447 1521 3302 1412 2809 2042 1651 2956 1654 1545 1647 1467 2212 2214 1572 2375 1416 2634 3790 1358 1844 1713 2228 2345 2203 1678 1932 1691 1482 3457 3335 3193 2269 3922 2281 4068 1910 1521 1668 2056 1317 1707 1432 2256 1447 1500 
1630 2046 2549 1864 7851 1515 1484 3216 2195 1798 2640 5862 23648 1862 3051 2679 2077 2503 2215 16998 1719 2322 2829 2279 1738 1450 2948 2687 1385 3030 1584 4006 2356 2040 1879 1986 1282 1591 3563 1653 2369 2482 1805 1765 2358 2218 1848 2050 1648 1395 2985 2013 5102 2063 1737 1625 2489 1624 2637 2422 1731 3722 6191 1628 1820 1781 1788 1736 1508 1952 1756 2152 3747 1493 1694 1516 2435 1980 2196 2056 1611 1738 1693 3576 2710 10637 2467 3188 1471 3849 1650 1816 2142 2221 1303 1525 1556 2474 1376 1677 
1463 1866 2149 1548 1645 1324 1214 2427 1700 1905 1970 3029 1905 1811 2770 4014 2109 2265 1623 22470 1390 1615 1894 1523 1702 1581 2079 1798 1447 1956 1192 3520 1861 1383 1558 1763 1439 1300 1406 1590 3255 2381 1723 2819 2095 1894 1398 1950 1523 1247 4046 5592 3201 1640 1488 1487 2855 1341 2266 2145 1546 2109 1597 1419 1430 1760 1371 1865 1287 1235 1268 1960 5237 1406 1319 1327 5215 1648 3220 1404 1334 1341 1224 2645 2766 3122 2128 4558 1507 2793 1418 1455 2739 1750 1094 1472 1391 1755 1488 1421 
945 1487 2072 1265 1499 1214 1005 1446 1652 1913 2281 4193 1624 955 1730 2278 1560 1904 1264 16777 1199 1549 1784 1145 1101 1095 1738 1895 997 1696 1051 2244 1428 1151 1370 1324 905 1115 1283 1490 2537 2177 1493 1253 2161 1756 906 1579 1093 976 2576 1276 2909 1296 1136 1151 3112 1025 1735 1585 1275 1628 1264 1086 1480 1050 1197 1350 1073 995 907 2044 4557 1020 1400 1131 1670 1685 1799 1376 1161 1172 1017 4894 2712 2727 1740 3421 1291 4380 1077 1099 1439 1440 862 1230 1074 1517 966 1150 
1102 1448 1961 1346 1544 1444 1217 2058 2877 1634 2583 2947 1903 1172 2643 2452 2778 2092 1609 17273 1734 1513 1991 1497 1367 1496 2070 1965 1148 2032 1348 2245 1732 1370 1985 1678 1104 1355 1340 1625 2462 2117 1348 1663 2115 1942 1246 2684 1350 1316 8315 1715 7459 2215 1976 1967 2497 1462 3354 1769 1504 5166 1458 1441 1420 1166 1440 1381 1171 1287 1158 2652 3688 1396 1316 1470 1951 1749 2376 1505 1286 1683 1478 2716 3895 3726 1700 2914 1354 2592 1426 1359 1511 1735 1059 1321 1199 2650 1207 1191 
1464 1736 3353 1601 2841 1762 1439 2201 2222 2016 2135 3933 6265 1969 4445 2806 3698 2346 1755 16968 1678 1603 2110 1719 2315 1590 1909 2678 1459 2205 1533 2587 2318 1662 1671 2247 1311 1601 1927 1692 2549 2206 3066 1756 2784 2307 1336 2208 1647 1395 2241 1850 4148 1868 1501 1654 3562 1605 3188 4046 1669 2265 2529 1752 1701 1561 2724 1884 1400 1970 1405 2447 3830 1569 1919 1432 2036 2029 2168 2196 1497 8502 1832 3821 3232 5342 2232 4352 1981 3968 1762 1597 2520 2081 1242 1854 1443 2151 1330 1590 
1124 2232 5081 1946 1845 1469 1308 1705 1919 1559 2262 3100 2801 1161 3066 2594 1637 2088 1386 18067 1433 1544 2263 1276 1396 1317 2225 1701 1404 2080 1292 3152 1839 1448 1600 2076 1169 1623 1379 1879 2372 3013 1467 1531 2465 2049 1132 2036 1893 1248 2637 1626 3208 1819 1276 1289 2474 1257 2641 2032 1644 1829 1968 1392 1680 1197 1615 1847 1313 1310 1238 2291 3644 1365 1383 1330 1799 2656 4704 1488 1750 1327 1229 2613 6880 6563 2491 2966 1358 2978 1300 1401 1871 1762 1127 1521 1474 2079 1297 1148 
1494 1748 2548 1965 2255 1569 1215 1878 1826 1833 4039 4057 2617 1324 2191 3069 1904 2142 1339 24638 1330 2021 2318 1520 1427 1697 1594 2451 1209 2073 1220 2424 1811 1326 1567 3345 1096 1369 1365 1533 2157 4631 1748 1516 2137 2445 1104 1567 1454 1162 2027 1541 5030 1600 1213 1448 2925 1231 1923 1910 1555 2365 1928 1258 1444 1342 1720 1467 1194 1686 1093 1793 3399 1431 1495 1336 2012 1796 2405 1486 1309 1402 1244 2950 2510 3916 1584 2815 1760 3334 1344 1385 2261 1715 1093 1519 1314 2047 1201 1276 
1464 3069 2728 2467 2138 1705 1966 2528 3606 1987 4306 4177 2662 1449 2372 2978 2071 2167 2108 96832 1651 1996 2620 1634 2119 1873 2054 2028 1525 2890 2145 5227 2034 1668 2203 2553 1462 1905 1839 2017 2728 3752 2124 1732 4435 2375 1419 2424 1638 1442 3139 2494 4789 2133 1500 1819 3631 1476 2498 2724 1897 2775 4238 1714 1838 1814 4334 1686 1668 2102 1567 2873 4952 1651 1739 2239 2223 2297 2302 2013 1778 1751 1749 3628 3058 7893 2083 5071 1705 4893 1733 2326 2178 2187 1403 1898 1795 6581 1605 1353 
1022 1355 1980 1275 2063 1227 1068 1593 1958 1399 1939 3038 3621 1082 2699 3006 3201 3300 1735 24782 1372 1489 2316 1481 1377 1409 1844 1472 1056 1650 1114 2980 2078 1273 1716 1476 1008 1202 1446 1739 4348 1788 1397 1629 2379 2077 1024 1680 1202 1138 12663 1452 4303 1340 1276 1237 3065 1118 1851 1772 1377 2854 1743 1132 1563 1205 1220 1240 1136 1145 1026 1771 4396 1194 1224 1361 1690 2024 3559 1615 1264 1187 1126 4864 2742 3469 2051 2966 1360 4413 1219 1268 1396 1753 968 1292 1209 1872 1118 1147 
1085 1603 1976 1414 1562 1261 1573 2482 1802 1545 2390 3328 1903 1140 2084 3120 2018 2554 1349 17236 1469 1402 2170 1471 1520 1364 2716 1552 1150 1649 1149 2762 1748 2285 1401 1683 1085 1361 1313 1345 2681 2004 1435 1957 2163 1820 1369 1525 1297 1285 4336 1579 3349 1414 1266 1327 2246 1328 1850 1635 1427 2572 1643 1232 2020 1212 1376 1400 1223 1345 1098 2779 4244 1303 1311 1324 2137 1585 1913 1487 1229 1245 1092 2626 2768 2821 1800 2948 1263 2654 1366 1400 1508 1981 1040 1413 1202 1631 1183 1117 
1253 2123 2187 2322 1534 1480 1359 1999 2180 1687 2484 5124 1824 1234 2247 2549 1847 2285 1567 24686 1461 1554 2020 1417 1739 1723 1811 2235 1259 2083 1653 2717 1945 1721 1687 6313 1167 1490 1448 1939 2197 2147 1435 1608 2765 1980 1188 2202 1517 1321 2595 1871 3612 2063 1568 1828 3049 1434 1907 5933 1639 2237 2063 1751 1553 1529 2096 1486 1408 2723 1216 2765 4474 1383 1628 1514 2176 1878 2470 1445 1392 1505 1784 3206 2809 3876 1860 4388 1427 7411 1512 1480 3535 1710 1109 1622 1480 1969 1294 1409 
1362 1681 2572 1857 2997 1642 1364 2129 2095 2521 2227 6443 3171 1348 3733 2597 1806 2274 1513 25256 1431 3020 2913 1438 1722 2768 1682 2085 1684 1781 1506 3707 5225 1668 1658 1822 1215 2437 1824 1651 2494 2180 1745 1682 2753 2074 1212 1765 2739 1360 2547 1903 6980 1896 1438 1687 2639 1502 2106 2356 1752 2508 1812 1703 1695 1432 1553 1619 1491 1439 1245 2362 7633 1451 1841 1610 2149 3719 5138 1495 1477 1639 1754 2840 2490 4055 1816 2974 1496 5965 1596 1565 1906 2009 1195 2229 1467 1896 1396 1345 
991 1301 2053 1161 1498 1197 987 1602 1889 1443 1699 6291 2167 1086 2621 2302 1526 1960 1138 16545 1127 1166 2420 1102 1214 1105 1436 1686 933 1564 1037 3550 1632 1093 1407 1306 1056 1188 1178 1267 2557 1714 1356 1408 3918 2467 933 1507 1163 995 1740 1391 3228 1566 1044 1303 2137 1196 1993 2488 1208 1940 1290 1857 1164 1145 1171 1204 1128 1059 1004 1741 3239 1029 1332 1122 1406 2091 1837 1306 1166 1136 1812 2349 5858 3097 1640 2890 1195 7791 1146 1130 1290 1444 858 1295 1237 1481 979 1007 
1278 1700 2259 1714 1799 4275 1412 2247 2185 1989 2384 3120 1989 1302 2996 2561 1874 2411 3765 17965 1508 1708 6113 1553 1376 1474 1805 4538 1316 1785 1277 2725 2102 1389 1717 1525 1217 1445 1374 2028 2945 1962 1529 2204 2786 2453 1205 1735 1423 1305 2213 2028 5461 1474 1352 1518 3250 1320 2024 3174 1581 2162 1711 1759 1789 1843 1600 1682 1573 1503 1341 2023 5366 1336 1914 1439 2081 7420 3742 1630 1711 1392 1233 3978 4753 5554 1909 3288 1373 4055 1633 1495 2058 1830 1136 1537 1450 2094 1450 1493 
1916 3903 3167 3173 2525 2212 2068 3173 3857 3174 2904 9311 3281 1954 5857 3440 2845 3814 2017 18359 2920 14645 3745 2323 2349 3938 2714 2790 2311 4966 2056 3652 2495 2539 2356 2351 3165 2135 2530 6163 5763 3835 2922 2971 2961 7302 2204 2925 2991 1870 2995 2650 5019 2483 6068 2830 4247 1997 3648 3340 3243 3643 2929 3654 8309 3288 2182 2518 3273 2041 1953 2964 5978 2055 2616 2296 2748 2502 2854 2376 2032 2995 2288 85699 5415 4625 3666 4437 2385 80504 2035 2703 2556 2430 2031 2810 2442 2603 3196 2719 
1290 1473 2229 1970 2850 1712 1527 2075 2285 2017 2437 3381 1897 1130 2136 3323 1682 1995 1366 16851 1552 1554 13707 1287 1321 1305 2008 1603 1339 2046 1287 3028 1671 1402 1766 1708 1143 1691 1383 1565 2298 1985 1347 1442 2341 1852 1321 1629 1728 1345 2144 1749 4757 1467 1261 1416 2480 1186 1991 3332 1431 2795 1408 1217 1676 1300 1573 1815 2547 1289 1135 2138 3648 1184 1721 1255 1736 2486 1930 1476 1263 1550 1093 2534 2716 2830 1621 3016 1261 2613 1435 1529 1546 1797 1088 1460 1450 2332 1246 1371 
2185 3132 2681 2411 6343 1980 1774 12723 2228 2606 3165 9396 17037 2150 5115 3410 2451 3369 2415 25599 3139 3792 2529 2357 2189 2100 4269 2208 1983 3611 2168 3037 3082 2323 2812 2464 1852 3988 3688 2460 3240 4051 2065 4510 3035 2709 4451 2342 3270 2082 2842 3075 7228 2261 2054 2113 5090 2065 3428 3044 3570 4925 4861 2334 2653 2112 2197 2441 1855 1959 3560 2623 5322 1787 2444 3162 3860 2952 3431 3082 2056 1803 1721 3684 4396 8432 3125 6453 2045 4058 2783 3208 2377 2762 2095 2020 1958 3235 1969 2208 
1269 1736 2888 1421 1450 1377 1249 4630 1701 5669 1758 6862 1698 1283 4805 3173 2045 1887 1482 19710 1728 1345 2159 1321 1667 1311 1690 1819 1227 1666 1417 2699 1937 2049 1726 1665 1093 1896 1496 1676 2394 2160 2060 2514 4010 2252 1190 1536 1414 1261 2027 1710 38242 1605 1287 3856 2394 1790 2055 1803 1833 2181 1574 1626 2542 1414 1529 1668 1370 1380 1215 2499 3510 1939 1562 1378 1945 2139 8924 1546 1689 1498 1285 2716 2964 3862 1662 2883 1285 3051 1429 1394 1475 1671 1051 1942 1275 1770 1284 1159 
1698 3962 2538 2993 1993 1792 1737 3921 2346 2375 3090 5756 2110 1629 2961 3996 2603 3017 1983 17522 2183 2434 2531 1961 2787 1841 2543 2679 1772 2306 1720 3637 2275 2411 4413 8287 1565 2286 1936 2113 3311 3945 2212 3498 3296 2488 1593 3966 1956 1855 6621 2864 5284 2732 2120 2177 38062 1970 2352 2639 2619 2635 2610 1890 2043 2092 3330 2118 1861 3775 2047 3692 14085 1759 2248 2803 2568 2158 2908 2138 2660 1926 1679 3696 3175 3732 11987 81708 2409 6353 2732 3297 5023 2564 1678 2742 2077 2918 1765 1596 
1830 2549 3226 2218 2621 2300 1873 2600 5124 2621 3122 3654 2579 2315 3158 10125 4788 3916 2982 25509 2190 2288 16767 2118 1971 2260 4225 2589 1913 2517 1907 3399 4347 2184 2685 2580 2789 2520 2093 2534 6859 5177 4658 4691 5656 36686 1895 2739 2259 2230 16175 4620 3877 2550 2080 2069 6517 2923 2885 3763 3072 2436 2130 2243 2852 3186 2018 2205 2303 2403 2620 3203 7318 2113 1994 3202 2589 3023 3056 5977 3447 2115 2378 4321 3162 4347 2899 7964 2457 4559 4507 2212 2575 2961 2120 2141 2651 2261 3524 2331 
4924 12338 3682 4133 3456 2691 2478 3141 4098 3468 4985 8080 3312 25513 4205 8120 4478 3314 3383 18951 2992 4140 4429 2650 2581 2712 4354 8793 2576 7534 3799 4478 7548 3326 6309 3102 3169 3289 3301 2835 3735 3595 15815 45880 4491 3760 3122 2911 10235 3364 6780 3429 5250 3558 4519 5841 4675 3441 3390 5226 2827 5476 4145 3507 4808 25181 2828 6136 3316 3139 8163 4712 6550 3278 2873 2758 5302 3188 3437 2705 3431 3209 3183 7668 5033 4303 4081 6532 2622 12281 4030 3601 3526 3963 2574 5572 2879 6292 2918 7516 
916 2631 2142 1189 1279 1441 1028 1467 1413 1308 1665 3206 1434 1018 2678 2328 1588 2195 1282 18864 1114 1149 2735 1058 1039 1103 1511 2062 954 1522 932 2063 1402 1148 1279 1420 936 1069 1111 1569 3060 3952 1166 1323 2571 1781 915 1301 1096 936 3034 1467 3523 1288 992 1067 2463 997 1667 1494 1261 2079 1122 1181 1683 1029 1288 1124 1149 1029 1029 1600 3154 1114 1128 1128 2295 1986 4408 1177 1044 1058 950 2230 2526 3765 1763 3410 1049 3266 1065 1031 1249 1383 817 1163 1069 1522 941 966 
1140 1438 2226 1414 1565 1325 1265 1832 1881 1575 2083 4435 2214 1169 2257 2415 2163 2308 1274 24883 1348 1648 2046 1263 1870 1361 1851 1682 1208 1742 1158 6355 1719 1404 1537 1684 1036 1378 1275 1718 2590 2103 1339 1593 2436 1797 1162 1857 1437 1418 2038 1557 3277 2031 1282 1360 4555 1525 1944 1762 1559 1951 1440 1522 1304 1270 1499 1514 1207 1236 1097 2123 4538 1163 1345 1474 2210 1886 2034 1825 1410 1444 1155 2702 3416 2931 2055 4162 1638 2569 1397 1424 1515 1772 1093 1484 1225 2724 1132 1438 
1215 1691 2393 1618 1704 1300 1177 2108 2021 2457 2113 5140 1794 1215 2848 3067 1603 2729 1360 18227 1319 1792 3756 1272 1240 1644 1869 1586 1905 1824 1369 2351 2056 1487 1542 1895 1289 2453 1429 1669 3330 1815 1734 1623 2328 4563 1139 1721 3112 1308 2075 1911 10362 1455 1573 1909 2731 1253 2476 2079 1487 2056 1438 1259 1732 1374 1385 1458 1324 1202 1097 1817 4559 1171 1484 1463 2765 4646 2038 1653 1389 1352 1270 6232 4861 8163 2180 3707 1285 5794 1402 1443 1582 1686 1050 1360 1554 1622 1398 1206 
1289 1888 2697 1455 1516 1519 1562 1793 2199 1905 2288 3625 1868 1289 2426 3314 2553 2189 1459 24467 1570 1459 2423 1358 1307 1447 1722 1817 3071 3198 1272 2430 2102 1529 1912 1957 1153 1584 1610 1927 3361 2210 1554 1768 2600 2460 1185 2227 1722 1323 2613 1987 6576 1720 1398 1711 2374 1414 5618 1789 1852 3965 5147 1398 1492 1295 1619 1692 1944 1333 1283 2140 6202 1477 1426 1607 1876 2756 2924 1444 1507 3057 1866 2869 2390 4594 1833 3335 1573 3715 1686 1370 1899 3294 1108 1510 1480 2354 1424 1732 
1097 1790 2439 1334 1455 1304 1285 1807 2256 1615 2577 2904 1654 1185 1946 3692 2775 2102 1287 23940 1463 1346 1930 1280 1312 1501 1784 1554 1127 2253 1192 2248 1884 1704 2313 1494 1205 1380 1302 1462 3046 2320 1439 1663 11657 1670 1151 1800 1277 1186 3589 1644 3872 1903 1485 1446 13134 1427 2774 1646 1538 1897 1414 1474 1427 1180 1493 1395 1494 1533 1351 2658 3537 1187 1247 1402 1688 3223 2034 1972 1508 1291 1269 2847 2499 2833 4639 27126 1464 2862 1270 1595 1838 2061 1058 1361 1832 1574 1085 1164 
2622 2966 11049 2613 2927 4650 2289 7587 3660 2924 4154 4075 3770 3658 4971 4824 3681 3368 3655 18786 3931 2681 4553 3318 3660 4633 3275 5591 2403 3270 2980 4879 4094 3393 4672 4461 2216 2774 2409 2651 3547 3563 4171 3754 3146 5380 3749 2707 3000 2679 4293 3577 4501 3684 2739 3347 3559 5181 4209 3346 6199 2947 3198 6651 5834 2691 2702 2898 3228 2698 2219 3182 10163 5405 3443 2673 3210 3276 4633 2917 3692 3770 2495 8023 4110 4495 2841 5547 4648 6977 2905 2369 2988 3125 3663 6790 2647 3695 4640 2937 
1151 1748 2930 2035 2362 1408 1197 1766 2093 2009 1861 4418 1889 1297 3947 3111 2313 1946 1370 32031 1644 1397 2348 1356 1527 1364 1800 1782 1178 2144 1448 2655 1826 1448 2140 2395 1293 1491 1458 1512 2681 2018 1477 1609 2576 1766 1108 2123 1541 1400 2268 1598 4444 1739 1365 1730 4414 1282 2165 1928 1536 2254 1512 1578 1414 1330 2098 1697 1311 1512 1159 2565 3503 1380 1402 1456 1912 1770 3331 1609 1656 3321 1654 3096 5265 6226 2412 7825 1425 5364 1365 1862 1598 1715 1075 1471 1839 1678 1207 1323 
1229 1543 2386 2242 3530 1388 1307 1890 2351 2360 2264 3054 1720 1180 3342 6866 2596 2106 1533 25367 1452 1565 1987 1309 1426 1261 2025 2002 1159 1672 1391 2866 1650 1324 1740 1600 1209 1599 1350 2049 2532 2157 1379 1553 2712 2209 1226 2192 1434 1226 3658 1652 5502 1850 1331 1514 4750 1505 3549 1748 1554 2169 1419 1248 1701 1394 1443 1471 1369 1911 1275 2418 4169 1364 1902 1684 1960 2305 5390 1595 1629 1441 1319 2977 2999 4065 1763 4182 1545 2972 1435 1499 1399 2036 1122 1444 1496 1988 1182 1424 
1951 4987 3184 2275 2109 2350 2463 6495 2651 2189 2734 4281 2407 1907 5330 4167 3198 2811 2499 18775 2473 2944 2896 3084 1914 1843 3251 4306 2339 2677 1850 5809 3781 2326 2114 2217 1700 1949 2003 2286 2896 2810 2574 12840 2855 2850 2083 3843 2265 1941 2558 2893 3820 2862 3258 2115 4098 3052 2595 4129 6274 2489 5211 1839 2023 2212 2497 2247 2558 2193 1671 3851 4001 2026 2467 1898 2825 2344 6345 2264 2293 2502 2479 4049 4324 8575 2498 3698 2547 10518 2307 2490 2822 2514 1680 2146 1977 2892 1706 2010 
1260 1586 2112 1549 1651 1312 1242 3549 1882 1527 2100 3480 2143 1344 2044 4945 2399 2415 1483 16619 1289 1390 2151 1255 1302 1301 3163 1678 1142 2954 1264 2143 1614 1351 1466 1753 1170 1369 1356 1637 2629 2048 1516 1748 9210 1944 1974 1813 1409 1128 2521 1671 3488 1757 1195 1378 2412 1287 2673 3291 1726 2017 1621 1268 1394 1377 1449 1438 1424 1848 1466 1989 4345 1202 1401 1373 1937 2903 2002 1347 1514 1333 1179 2503 3316 2943 1893 2957 1406 2889 1376 1559 1460 2402 1152 1489 1289 1685 1201 1228 
1249 3615 2677 1910 2475 1855 1229 2709 2126 2965 2352 3868 1828 1362 2281 3287 2543 2879 1769 16968 1831 1723 2211 1394 1596 1326 2349 2219 1435 2875 1400 4651 1855 1631 1980 1734 1155 1974 1483 2018 3140 5346 1754 1991 2700 2386 1238 1644 2008 1276 7447 1797 11050 1687 1442 2044 4833 1552 2166 2121 1997 2087 1473 1690 2699 1390 1825 1977 1329 1310 1424 2072 3533 1484 1515 1631 1871 2639 2274 1648 1717 1450 1336 2972 2448 3772 2644 8445 1540 3731 1447 1489 1500 2112 1185 1722 1547 1982 1308 1302 
1165 1412 2439 1420 1555 1709 1254 2122 1963 2333 2255 3106 1619 1146 2159 4263 1656 2270 1304 31163 1414 1433 2250 1251 1428 1242 1559 1585 1330 2990 1260 4076 1676 1461 1670 1853 1091 1585 2019 1577 2521 1898 1576 1479 2267 1952 1110 1948 1408 1237 2738 1914 5676 1642 1159 1357 2497 1229 3026 2044 1807 2848 1917 1156 1424 1263 1824 1423 1244 1252 1128 2425 4555 1186 1508 1414 1681 1782 1940 1478 1238 1652 1296 2989 3214 2963 1826 3081 1339 2700 1581 1498 1629 1984 983 1701 1428 3647 1248 1124 
1852 3005 3127 2552 2509 1891 2658 2518 2453 2357 2550 4290 2298 1753 3050 5960 2401 2697 2609 17810 2232 2453 3440 2767 2071 2299 2791 2436 1937 3219 2637 3470 2394 2506 2165 2419 1884 2424 2408 2307 2848 2479 2149 2399 4995 6148 1730 2750 2219 1798 2962 3939 5168 2497 1896 2434 4578 2184 5698 4308 2206 4012 3811 1889 4131 2137 2477 2517 2523 2539 1698 3587 4224 1910 2812 2365 6990 2392 4186 2070 1843 2254 1955 4478 4145 4928 2714 3732 1876 4707 2080 1975 2129 25527 1686 2313 2971 3804 2522 1797 
1383 1737 49735 1684 2311 1499 2140 2040 2842 3460 3873 3279 2060 1413 3417 2835 2280 2340 1581 35951 1874 2181 2836 1653 1661 1634 2124 1812 1485 2447 1443 3025 1930 1711 2192 2178 1567 1802 2128 5164 2819 2231 1679 1959 2421 3144 1330 1926 2198 1419 2856 2312 5729 1842 1449 1658 2978 1892 2400 2422 1856 2888 1873 1449 2218 1657 1966 1714 2060 1690 1783 2737 4680 1568 3293 1639 1999 1998 4282 2714 1684 1548 1445 2758 3460 5238 2037 4548 2210 2767 1634 1612 2001 2132 1562 2637 1514 2669 1784 1844 
969 1591 2908 1175 1354 1131 991 1451 4346 1325 1595 2862 1493 980 1888 2239 1596 1888 1042 39076 1119 1186 1881 1032 1063 1121 1437 1468 1171 1568 945 2190 1420 1181 1522 1369 921 1158 1061 1430 2592 2147 1200 1279 1824 1895 1008 1595 1206 1025 1794 1347 5912 1415 962 1125 2033 1127 1957 1624 1244 4756 1578 1122 1233 1076 1313 1155 1125 1027 973 1691 3248 1046 1071 1151 1773 1621 2214 1159 1080 1260 1076 2285 2092 3495 1544 5007 1282 3004 1181 1096 1874 1492 900 1116 1096 2702 987 977 
1353 2026 12745 1777 1960 1564 1534 1918 2118 2527 2439 7136 1878 1804 3323 2705 2133 3300 1624 25964 1978 1744 2920 1724 1691 1500 2176 1868 1586 2246 1514 3225 1988 1586 1887 1856 1213 1498 1810 2529 4446 2378 1759 2680 2220 2641 1266 3208 1728 1329 3883 2138 3428 2092 1578 1830 2990 1541 3001 1885 1674 2157 2104 1454 1761 1819 1621 1901 1704 1412 1426 3328 4955 1597 1702 1532 2284 2028 4829 1799 1478 1688 1502 3353 2486 8692 2300 3168 1664 3832 1556 1641 1622 4830 1271 1803 1553 1860 1430 1662 
2158 3562 3617 2523 2429 3073 2232 3517 3629 5665 3303 16990 2524 2136 14713 3368 3062 3068 2505 25877 2848 3418 3053 2156 2475 7913 3427 2911 2885 6958 2731 4345 2522 2324 2846 2557 2117 2490 4411 2408 4732 3371 2380 3169 3058 4909 3565 2683 5744 2077 3140 2671 4082 2526 2718 3225 4655 2211 2813 2594 2428 4077 2666 2230 2322 5349 2362 3058 3706 2488 2032 2806 4892 2135 2176 2778 2692 4328 3419 2343 2351 2293 3174 5614 9237 5324 6470 6091 2371 4711 2433 2887 3075 2725 2036 2889 2717 3276 3154 3176 
1735 2068 2552 1897 1811 1618 1565 2550 2496 3109 2374 3785 2679 1414 3403 3727 2036 2402 1736 17829 1513 1684 2318 1731 2634 1896 1945 2190 1687 26608 1450 3412 2250 1796 1840 1912 1314 1972 1821 1895 3051 2170 2070 2812 3308 2133 1406 1941 1791 1628 2387 2598 4068 1827 1587 1693 4632 1656 2084 2426 5985 2456 2218 1430 1763 1591 2043 2066 1537 1875 1403 2509 4615 1520 1808 1630 2679 2490 2707 1805 2184 2186 1691 3246 2866 3230 2636 6682 1991 3625 1876 2144 1651 2905 1338 1714 2338 3073 1762 1767 
3624 4730 5152 4243 22720 4052 2863 5508 4548 3398 4096 17081 76582 4544 3695 4236 3496 5294 4986 19139 3756 16196 4812 6117 3530 3148 3665 5417 2926 6442 3304 4592 3137 3236 3403 2944 4159 2818 9445 8836 6842 6610 3457 3768 4244 6683 3073 3765 2943 2623 4013 3517 5257 3231 8241 4035 4651 2734 11398 4026 4067 4037 18417 6212 11739 4528 2966 3504 4072 3377 3934 4376 5405 2906 3216 2869 4228 5681 3407 4297 2769 4110 3837 117126 5267 24123 5492 4553 2758 116555 2816 3905 3341 4901 2833 3477 3062 3235 3941 4409 
1587 2068 2682 1819 1809 1603 1441 3148 3593 2205 2445 4182 2180 1463 5800 3066 2197 2851 1749 27354 2050 1648 2769 1545 1727 1917 2383 2073 1315 13217 1553 3128 3333 1608 1890 1995 1288 1614 1553 1756 3242 2544 1705 1974 2732 2948 1874 1884 1596 1430 4027 2274 3403 1928 1549 1673 2802 1590 2581 2416 3932 2268 1974 1744 1737 1484 1803 1856 1503 1536 1344 2363 3744 2062 1563 1541 2134 1878 10339 1651 1880 1854 1517 3728 2544 11976 2133 4989 2026 3636 1612 2009 1932 2466 1446 1866 2110 2325 1710 1416 
4288 5702 3931 5404 3391 2944 2847 3459 5836 3120 3339 5819 3178 2995 7301 4196 3140 8680 2852 29120 3044 3714 4672 3260 2965 3750 3395 3185 2865 7907 2828 9372 3973 2943 3777 3404 2662 5350 2882 4118 12631 4957 2989 3220 6377 5158 2763 3200 4656 2764 4128 3380 5749 3172 2883 3550 9283 3511 9859 13890 3381 4467 3102 2843 4821 3611 3546 2986 2811 2946 2789 3450 14328 3248 3652 4063 10705 3954 13088 3676 3655 2948 4183 4405 5134 11595 6945 16656 3092 4649 2865 4221 5005 4378 2608 3961 17341 5156 2717 2714 
2618 2809 4247 2238 3622 7425 2456 3486 2572 3278 3341 16088 2523 2277 4171 4384 2429 5636 3680 25223 3087 3071 4196 2460 2470 3000 2648 3718 3119 3060 2274 4947 4482 3814 6693 2752 2083 2237 2374 2431 3518 2790 2267 3206 3174 2873 2195 3270 2547 3628 3633 4205 54292 3079 2049 3084 3401 2558 4734 3392 2397 47878 2283 2164 4032 2291 2446 6743 2367 1978 2131 5727 6962 2144 2115 3296 2525 2717 3349 2295 2120 3064 2280 4333 3284 4472 2810 4487 2650 4445 3012 2138 2310 2845 2137 2807 2948 17395 3019 1977 
1232 2449 2954 2167 1641 1380 1573 1954 1745 2157 2445 3647 2149 1325 2110 4043 1807 2390 1514 17168 1475 1827 2166 1608 1680 1525 1896 1776 1403 1774 1357 2894 2078 1798 2485 5212 1250 1640 1458 1771 2419 2212 1624 2003 2309 1841 1197 1643 1866 1416 2997 2435 7081 1942 1404 1420 11868 1332 2090 1974 1667 5562 1768 1401 2116 1520 1947 1606 1376 2517 1235 2257 5961 1368 1627 1564 2069 2612 2123 1398 1546 1473 1336 3201 2450 6776 4270 22940 1581 4228 1522 1744 3570 1865 1196 1631 1547 3119 1378 1393 
2205 4904 3548 3571 4623 2955 2782 3727 7373 2856 6496 4448 7852 2822 3258 3880 2605 3395 2555 61601 2742 2743 3081 2665 2460 2486 3801 2953 2377 3463 3006 3788 2766 2330 2999 3038 1984 2579 2611 4536 3320 9553 2458 4642 4775 3390 2895 3097 4724 2541 4179 2587 5866 10302 4533 4795 4601 3965 17302 3392 3270 3288 3448 3474 3922 2240 2921 3683 2487 2310 2472 3332 5927 3037 2466 2836 2959 3405 4383 2650 2833 2548 3632 3991 6615 11302 3374 5600 3340 4528 5624 2584 2764 2698 2290 2497 2183 3265 2134 2320 
1865 2235 2680 1918 2239 1850 1980 3254 2026 2914 2794 4328 5310 1896 3114 3290 2048 2422 1657 332892 2080 1996 3789 2161 1894 1886 3989 2066 1568 3926 1611 3181 2244 4149 2577 2237 1527 2507 1782 2370 2879 8563 2062 2043 2652 2478 2068 3138 2104 3663 3312 2091 7348 2405 1750 1941 3420 2914 2278 2277 2004 3205 1845 3153 3187 1652 1871 2191 1838 1652 1639 4861 6890 2180 1714 2170 2094 2107 2994 2599 2404 1783 1699 3477 3035 3391 3345 4015 2016 3275 6732 2218 1951 2357 1428 2209 1935 3799 1712 1799 
1857 2827 3681 2232 3277 2581 1731 3315 2147 2526 12583 68592 3067 1867 2609 3037 2148 3089 2327 41436 1782 3427 2651 1897 1903 4558 2658 2426 2247 2784 2141 2649 2591 2060 2649 2616 1787 1914 2885 2100 3937 3353 2541 2472 2475 2387 1711 2851 1927 1600 2701 2232 4414 2747 1660 2622 2885 2217 2910 2241 2121 2980 3694 2228 2230 1813 2090 2572 1972 1669 1510 3020 4484 2209 2031 2806 8673 2560 2789 2011 2074 1869 1853 3349 3993 4112 2341 4014 3058 3448 1817 1920 2389 2146 1706 2986 2502 2517 1729 1574 
1460 1623 4873 1798 2110 1372 1356 1935 1958 1698 2024 2868 2597 1186 1966 2855 1765 2309 1469 24169 1936 1784 1855 1438 1375 1333 2091 1868 1270 1963 1192 2343 1979 1339 1482 2986 1113 1578 1453 1778 2994 2085 2603 1457 2072 1956 1170 2774 1420 1237 3149 2985 3322 1743 1447 1407 3868 1174 2296 2730 1567 1802 1683 1380 1447 1331 1489 1587 1218 1602 1128 2132 5019 1242 1526 1294 1678 2161 2114 1401 1575 1434 1251 2884 3675 3360 2421 3579 1487 3195 2671 1352 2060 2136 1091 1650 1313 1749 1287 1144 
1198 1706 2030 1754 1678 1322 1445 2380 2180 1644 2170 3175 1882 1383 2221 2544 1908 3122 1466 24132 1775 1539 3745 1398 1432 1382 1846 1647 1395 2257 1344 3009 2051 1540 1769 2813 1173 1867 1744 1654 4403 2442 1542 2046 2182 1742 1196 1672 1934 1309 2939 1600 4874 1880 1464 1747 2803 1306 1932 3050 1634 2258 1512 1368 1551 1568 4254 1454 1644 1642 1684 2203 4845 1672 1762 1400 1943 2654 2587 2080 1803 1370 1240 3126 2467 3791 2677 3392 1623 3691 1638 1650 2010 2106 1422 1643 1283 2712 1324 1276 
1312 1606 2126 1462 1528 1387 1204 1605 1739 1601 2294 4804 1562 1191 2301 2522 1803 2731 1278 16824 1336 1336 2586 1337 1357 1179 2151 5045 1103 1649 1148 3254 1595 1270 1501 1573 1045 1225 1274 1521 2904 3540 1405 1417 2137 3197 1034 1523 1237 1125 2869 1711 3263 1533 1188 1282 3553 1216 2628 2493 1419 1787 1760 1294 1396 1167 1690 1598 1163 1206 1022 1844 5000 1253 1308 1351 2056 1605 1973 1378 1262 1728 1229 2935 3026 8851 2007 4861 1319 3632 1289 1431 1378 2475 1068 1561 1312 1692 1220 1205 
