4  2  6  2  2  2  2  3  2  2  2  2  2  3  6  2  4  3  2  2  2  2  2  2  2  8  2  4  5  9  2  3  2  2  2  15  2  3  2  3  6  2  4  2  2  3  2  2  2  2  4  3  2  3  4  4  3  2  3  2  2  2  3  3  4  3  4  2  2  2  2  2  2  3  2  2  2  8  2  2  2  2  6  9  20  14  2  5  2  3  2  3  8  2  2  2  3  2  2  3  
3  2  3  2  13  4  4  4  3  2  2  2  2  8  2  4  2  136  2  5  3  3  5  17  2  3  3  2  4  5  3  4  8  2  9  2  2  4  4  3  277  4  2  3  3  2  2  3  6  3  2  3  2  2  3  2  3  2  7  3  3  2  6  2  2  3  3  3  2  4  4  2  3  5  2  4  2  5  3  4  3  4  2  3  4  8  77  3  4  3  2  3  2  11  2  2  8  2  2  3  
2  3  3  2  4  3  3  2  2  7  4  4  2  2  20  2  2  3  2  2  3  2  2  2  5  40  2  2  2  2  2  4  109  2  2  3  2  3  6  2  2  3  2  3  2  2  2  4  6  2  3  6  2  3  2  2  2  2  3  3  2  4  3  2  2  2  4  2  3  2  2  5  19  3  3  2  12  4  3  2  2  2  2  3  2  2  3  3  2  3  2  3  3  2  2  4  2  2  3  5  
2  2  3  5  3  2  2  9  3  3  3  2  4  2  2  2  2  2  2  2  2  4  3  3  9  3  2  2  2  5  2  70  3  2  11  10  2  3  2  4  2  3  2  2  2  4  3  8  2  3  4  4  6  13  2  3  12  2  2  3  5  3  2  2  5  2  34  4  2  3  3  3  4  2  2  2  3  2  2  2  2  3  2  3  2  3  2  2  3  7  2  23  2  3  2  7  2  113  2  2  
2  11  3  10  4  2  9  3  2  3  4  6  2  2  2  4  3  2  8  2  3  4  2  2  2  2  3  3  3  4  10  2  2  3  3  6  4  5  4  2  3  3  2  2  24  3  2  2  3  2  4  10  3  2  2  2  2  2  2  5  3  3  29  2  2  5  7  2  3  8  2  7  3  3  3  10  4  3  2  3  2  4  3  4  8  3  2  2  2  5  3  2  2  2  2  3  4  7  4  2  
2  3  94  3  3  2  2  3  8  2  2  3  2  2  2  4  6  2  2  2  2  2  2  12  2  2  2  2  3  2  2  2  4  3  2  3  2  10  3  2  12  2  109  2  4  22  4  5  2  3  3  2  2  2  4  2  56  2  2  2  2  2  2  2  3  2  3  2  2  2  2  3  2  3  2  2  2  2  2  3  6  2  5  11  2  2  7  2  3  4  2  3  2  3  2  3  4  2  2  2  
3  3  2  4  3  2  3  7  4  15  3  4  7  5  77  3  2  2  2  3  3  2  3  2  3  2  2  3  2  2  8  4  2  2  9  2  11  9  3  3  2  2  2  2  2  3  3  11  2  2  2  2  3  3  4  2  4  2  4  6  2  2  2  6  2  2  2  2  3  2  4  3  3  2  14  5  2  17  5  6  4  2  4  5  335  3  2  2  4  2  3  3  2  3  2  2  2  2  3  2  
2  2  2  2  5  3  2  12  2  3  2  2  3  3  2  3  2  6  2  2  2  3  3  2  3  3  3  2  4  3  2  2  4  3  2  3  4  16  4  2  2  2  3  2  2  3  3  2  7  3  2  4  5  2  3  2  3  2  3  3  5  2  3  2  3  3  2  5  2  3  2  16  5  3  2  3  4  3  5  2  3  16  2  2  6  15  3  2  2  2  2  2  7  7  2  27  3  2  4  2  
2  8  2  3  3  5  2  4  2  4  68  2  7  3  2  2  3  4  2  4  2  2  2  3  2  15  3  2  3  3  3  2  5  2  5  5  2  2  2  2  2  8  5  4  2  2  2  3  3  2  2  3  2  2  2  3  2  2  3  2  2  5  12  2  2  3  3  2  2  2  2  3  2  2  3  2  3  2  3  3  3  2  3  2  2  2  2  2  2  5  2  2  5  2  3  2  2  4  3  2  
2  2  2  3  2  2  3  8  2  2  3  2  2  2  2  2  3  4  2  2  2  3  2  2  3  2  2  2  3  3  2  2  2  2  3  2  2  5  7  2  3  6  2  3  3  2  2  3  3  3  2  3  5  2  2  8  2  3  3  15  3  3  3  4  2  3  44  2  5  4  10  2  3  7  3  2  6  2  5  13  11  2  2  5  2  2  9  2  5  3  5  2  2  2  7  5  2  2  4  2  
2  11  2  18  2  2  2  4  2  2  7  2  3  3  2  3  7  10  3  6  2  3  2  3  8  2  2  2  2  3  2  4  2  2  3  101  2  2  4  4  2  3  3  2  2  2  2  2  2  3  4  2  2  3  2  3  2  2  2  3  4  2  2  2  3  7  14  3  4  30  3  2  2  3  8  2  2  2  3  2  3  5  3  6  2  3  2  4  2  38  3  3  48  2  2  2  2  4  2  2  
2  4  2  2  2  3  2  2  2  8  3  27  2  2  24  2  3  2  2  4  3  4  2  2  2  13  2  2  3  10  3  4  2  2  3  2  2  2  6  2  5  3  2  3  2  6  4  2  8  2  2  2  2  2  3  4  4  2  2  2  2  4  2  2  2  8  2  3  5  2  2  2  3  2  2  3  2  3  3  2  2  2  4  6  10  2  9  5  2  4  2  3  3  2  2  3  3  3  4  4  
2  3  2  2  4  2  2  2  2  2  2  2  2  2  2  3  2  3  4  3  2  2  6  5  3  3  4  3  2  3  4  2  2  4  2  2  2  3  3  3  2  2  3  2  2  19  2  2  2  2  2  8  2  3  2  4  10  3  16  3  3  5  3  2  7  2  3  3  5  3  2  4  2  2  5  2  21  2  9  2  2  3  2  3  6  5  3  3  2  4  2  2  2  113  2  3  2  6  5  2  
3  2  2  3  3  2  11  3  2  3  3  2  2  3  2  2  3  3  2  4  2  2  5  3  3  2  9  3  5  2  3  5  3  6  2  5  3  5  3  3  2  2  10  2  14  2  2  2  3  6  2  3  2  10  8  3  2  2  2  3  2  2  2  14  3  2  4  4  3  2  2  17  14  3  2  2  2  3  5  3  2  2  3  36  2  9  3  2  11  2  3  2  3  3  2  2  2  2  2  6  
3  2  4  2  3  3  2  2  2  2  3  12  2  2  158  3  6  2  3  171  11  2  2  3  3  3  2  2  3  3  7  9  16  2  3  4  2  2  2  2  7  3  2  3  4  24  2  2  3  3  4  2  3  2  2  2  4  2  3  3  2  3  2  2  3  2  2  2  4  2  3  2  2  27  2  3  2  3  427  2  3  2  2  3  2  63  6  2  2  5  3  6  3  4  3  2  2  2  2  2  
6  17  2  4  3  2  2  2  3  3  2  8  2  39  3  3  3  2  3  2  2  4  3  2  2  2  2  11  2  9  3  3  9  2  7  2  3  3  3  2  2  2  23  71  2  2  3  2  14  3  2  2  2  3  5  7  2  3  2  4  2  5  2  3  5  38  2  7  3  3  11  2  3  3  2  2  4  2  2  2  3  3  3  3  2  2  3  2  2  13  4  3  3  2  2  6  2  7  2  10  
2  2  2  2  2  4  2  3  4  2  4  2  2  2  3  3  57  2  19  11  7  2  4  7  3  2  7  2  3  2  3  3  3  4  8  2  2  2  5  4  2  2  4  12  3  2  3  3  2  3  339  2  3  2  6  4  2  2  2  2  2  2  3  2  6  4  2  3  2  2  2  2  4  2  2  8  5  2  2  6  6  2  5  2  2  2  2  2  2  2  2  2  4  4  3  3  2  2  3  4  
2  2  2  3  2  3  2  32  2  4  2  2  2  2  9  2  2  2  3  2  9  14  2  2  3  2  3  2  3  2  2  2  7  3  2  4  3  14  3  3  2  4  2  18  2  3  3  3  8  4  3  2  6  3  3  3  3  3  2  2  11  2  2  3  3  2  2  3  2  2  12  2  4  2  2  10  5  2  2  7  3  2  2  2  5  7  2  3  2  4  8  2  2  2  3  2  2  2  2  2  
3  4  5  9  2  2  14  8  3  2  2  3  2  2  6  2  3  2  10  3  3  3  2  3  2  4  5  3  2  2  3  4  2  2  3  17  8  3  3  5  3  3  4  2  2  2  2  2  3  2  60  4  2  27  2  2  3  2  2  3  3  2  2  2  4  3  2  3  5  2  3  2  5  2  2  2  2  2  2  2  5  2  2  2  4  3  6  9  3  16  2  2  2  2  8  8  2  2  3  3  
3  4  2  2  6  22  2  4  2  5  3  4  2  2  6  5  2  13  7  3  2  3  2  2  3  3  2  3  6  3  2  2  3  4  2  2  2  2  2  2  2  2  2  3  2  2  2  2  3  2  3  4  3  2  2  5  2  3  4  2  2  2  2  2  9  2  3  18  3  2  2  8  8  2  2  3  2  2  2  2  2  5  2  2  2  4  2  2  2  2  2  2  2  2  3  3  3  2  2  2  
3  2  2  3  3  6  4  3  3  2  2  2  2  3  2  2  3  5  2  7  2  2  16  2  2  2  3  173  2  3  2  4  2  2  3  2  2  3  2  3  2  18  2  2  3  57  2  2  3  2  2  2  2  2  3  2  6  2  3  3  2  2  3  2  5  2  14  11  3  2  2  8  3  2  2  2  4  2  4  2  2  3  2  2  3  2  3  2  5  21  3  2  3  2  2  2  2  2  3  3  
2  2  2  4  2  30  2  3  6  2  2  2  2  2  3  2  3  3  24  4  2  2  20  3  2  2  2  30  2  2  2  2  2  2  3  2  2  2  2  5  3  2  2  4  2  2  2  2  2  2  3  4  3  2  2  2  6  2  2  2  2  2  3  6  2  6  2  2  2  4  3  3  3  2  2  2  2  56  2  3  5  2  2  2  15  3  2  6  2  2  3  3  3  4  2  2  3  2  4  3  
4  2  2  5  4  2  2  2  18  2  3  3  3  2  4  2  2  3  2  3  4  2  3  2  3  2  9  2  2  2  3  25  5  2  15  4  2  3  2  2  4  2  3  2  5  2  2  2  2  2  2  3  2  3  3  2  2  3  2  6  2  3  3  2  6  2  2  2  2  2  4  18  2  4  3  3  2  2  2  8  3  5  2  7  3  2  3  9  2  2  2  2  6  3  3  2  2  4  2  4  
2  5  2  2  2  2  2  4  2  2  2  4  2  2  4  2  7  7  4  2  2  3  3  3  3  2  3  2  2  2  3  2  31  3  2  3  5  3  3  2  2  2  2  2  2  4  2  3  3  3  3  2  2  2  2  2  3  3  2  118  2  2  4  2  2  2  3  3  3  2  3  2  2  2  19  2  3  4  4  3  2  3  2  9  3  3  17  5  5  2  2  4  7  2  3  3  2  2  2  2  
4  2  3  3  2  2  2  40  3  76  3  73  2  3  2  2  3  2  4  2  3  2  6  2  2  2  2  3  2  2  6  5  2  2  2  2  2  10  6  6  3  4  13  4  2  2  2  2  2  2  2  3  625  4  2  46  2  5  3  2  3  3  3  2  17  4  3  4  3  2  2  2  2  3  5  3  4  2  2  4  4  4  4  3  6  2  2  3  2  2  2  2  2  2  2  3  2  2  5  2  
16  2  55  2  3  4  7  4  2  2  3  2  2  3  2  3  2  7  2  2  24  2  2  2  2  6  2  8  6  2  2  3  6  2  2  3  2  2  2  3  4  2  4  2  3  3  2  33  2  2  3  62  8  5  3  4  3  2  4  2  3  5  2  2  2  3  2  2  3  2  2  3  3  2  3  2  2  4  5  2  5  2  4  3  2  2  9  3  7  7  58  2  3  2  3  3  3  2  6  2  
2  14  2  2  2  2  2  3  2  4  2  2  2  2  2  2  3  3  2  2  3  2  3  2  3  2  2  2  2  2  2  5  2  7  22  3  2  3  2  2  3  8  5  4  2  2  2  2  2  2  29  3  2  5  4  2  310  2  2  2  2  2  2  3  2  2  4  3  2  5  2  3  3  2  2  5  4  2  2  2  8  2  2  2  5  2  89  689  5  3  2  12  2  5  3  3  6  3  2  2  
2  4  2  2  2  3  6  2  3  3  2  3  2  3  2  2  2  3  16  2  2  2  2  10  2  3  7  2  4  2  2  3  12  3  2  2  2  2  2  5  6  3  2  3  3  2  2  3  2  6  3  4  3  2  2  2  2  2  2  2  2  2  2  2  2  4  3  16  3  3  2  2  2  2  12  2  7  2  4  2  6  2  2  5  2  2  3  2  2  2  3  2  34  2  2  2  3  9  2  2  
2  7  2  2  3  3  15  5  2  3  2  2  8  3  10  3  4  2  2  2  8  2  3  4  5  10  2  3  4  2  3  2  9  76  3  2  3  13  4  2  2  2  3  3  3  2  4  2  3  7  4  2  3  3  5  4  2  2  2  3  2  18  2  6  2  2  2  5  3  2  4  72  2  4  3  7  2  2  3  15  2  4  2  4  5  2  5  3  2  2  2  3  2  9  2  3  2  2  2  4  
2  2  261  2  2  2  6  2  2  10  2  2  3  2  4  2  4  2  2  23  3  5  4  3  2  2  2  2  2  3  2  2  2  3  3  4  3  3  5  21  3  3  2  3  3  3  2  2  5  2  3  2  4  3  2  2  2  4  2  3  3  2  2  2  3  2  2  2  5  3  4  6  3  2  6  2  2  2  4  7  2  2  2  2  2  4  2  6  5  2  2  2  2  3  3  7  2  3  3  4  
3  2  6  2  5  2  2  2  4  2  2  3  2  2  12  2  2  2  2  4  2  5  8  2  2  2  3  2  2  25  2  2  18  2  2  7  3  4  3  3  3  3  5  3  3  3  4  6  2  2  7  2  3  2  13  3  2  4  4  5  2  4  2  3  2  2  7  2  3  7  2  2  2  2  4  2  3  2  3  2  3  2  3  19  7  2  3  2  2  2  2  3  2  2  2  2  4  5  2  2  
2  70  7  3  3  9  3  2  3  2  5  2  3  5  2  6  2  2  3  3  2  3  2  2  3  2  3  2  2  5  2  6  2  5  2  3  3  2  2  18  2  114  2  2  10  7  4  2  2  2  2  4  5  3  4  2  2  3  5  2  9  2  2  9  29  2  10  2  5  2  8  3  2  2  5  6  2  2  9  3  2  2  2  6  2  2  2  3  2  31  3  2  3  2  2  2  4  2  3  2  
7  3  5  12  2  2  4  5  20  2  3  2  3  3  2  2  3  2  2  2  2  3  6  2  2  12  2  2  8  2  3  2  4  4  2  2  2  7  4  2  7  17  3  2  4  5  5  3  3  3  13  2  8  2  2  2  2  2  4  3  3  3  3  2  3  3  2  3  2  3  2  3  822  2  2  40  2  2  7  3  4  2  2  5  2  2  2  2  2  2  2  3  10  3  2  28  2  3  3  3  
4  2  3  3  4  5  12  6  2  2  16  2  2  2  2  8  3  2  2  4  6  3  297  3  3  3  2  2  3  7  2  2  2  3  3  3  3  3  3  2  4  2  2  3  9  2  3  2  6  4  3  3  2  2  2  3  4  2  6  7  2  8  2  2  3  6  5  4  37  2  3  3  4  2  12  2  3  11  2  2  2  4  2  2  2  2  2  5  2  3  2  3  2  3  2  3  2  4  2  5  
2  2  3  3  3  3  2  3  3  2  2  2  2  2  2  3  3  4  5  3  2  4  2  2  2  5  3  3  2  2  2  2  3  10  2  3  2  3  2  3  4  3  3  2  3  2  2  3  2  3  3  3  2  2  2  2  2  2  3  11  2  3  3  2  2  2  2  4  3  4  3  2  3  3  2  2  2  4  3  2  2  2  2  2  2  2  2  8  3  2  2  3  2  3  3  4  2  2  6  2  
2  3  5  3  9  3  2  4  8  3  7  2  2  2  3  27  3  2  9  4  2  6  2  2  7  3  2  9  2  3  3  4  2  3  3  9  2  2  2  5  32  4  4  2  3  2  2  2  3  4  4  3  3  3  11  3  2  3  7  3  3  2  8  12  3  7  3  2  2  3  4  2  2  2  2  3  2  4  4  5  3  2  2  7  2  15  3  2  2  2  2  2  2  4  3  2  3  3  3  2  
2  2  25  6  2  2  3  4  2  2  45  3  3  4  3  2  4  2  2  2  4  4  3  4  2  2  2  2  2  2  3  3  3  3  2  2  7  2  6  2  4  2  2  3  7  3  3  3  2  4  2  15  2  13  2  2  2  7  3  5  4  3  4  3  2  2  3  5  2  2  4  2  3  2  2  3  3  3  2  5  2  4  2  2  2  2  2  2  5  2  2  3  3  23  2  2  48  2  2  3  
5  3  2  5  5  2  3  7  3  2  2  3  2  3  2  6  5  4  2  7257  3  2  2  3  3  2  4  4  2  35  2  2  2  6  3  2  4  4  3  14  2  3  2  3  2  3  3  18  4  2  3  2  48  2  2  3  2  2  2  3  6  3  2  2  3  2  2  3  2  2  2  3  13  3  3  9  2  3  2  2  2  5  4  3  2  2  3  4  3  8  3  2  2  3  2  5  8  2  4  2  
7  3  3  5  2  2  2  3  13  3  2  2  3  5  3  5  2  5  2  3  15  2  3  3  3  2  5  3  8  7  3  4  3  2  3  3  2  2  3  2  3  2  2  7  3  2  3  4  2  2  3  10  2  3  3  2  5  5  3  2  2  3  2  6  6  3  3  21  2  3  2  4  2  2  2  3  2  3  2  2  3  2  2  4  2  2  4  2  2  3  2  2  2  3  4  2  3  2  2  2  
2  2  2  2  2  4  15  4  3  3  10  2  2  8  4  4  2  4  5  2  2  3  3  2  2  2  4  2  2  6  2  3  2  2  3  2  3  3  3  38  3  3  4  2  2  4  2  3  2  3  2  3  4  2  4  3  3  3  309  3  4  4  3  2  2  2  4  2  3  2  2  11  3  4  2  14  2  13  4  3  3  2  20  2  4  2  2  9  2  3  2  2  2  6  2  2  2  3  2  2  
8  4  2  5  2  2  3  93  2  2  2  10  7  3  9  2  2  11  4  2  2  2  2  3  4  2  32  2  2  4  5  3  2  4  5  3  2  5  4  2  3  3  3  2  2  2  41  2  4  2  2  5  5  2  3  2  4  3  8  2  4  2  4  6  2  2  5  2  2  3  4  2  9  2  2  2  10  2  2  2  2  2  2  4  2  2  3  2  3  4  2  20  4  8  7  3  3  3  2  2  
2  2  3  2  2  3  2  3  3  3  3  2  3  5  17  3  15  2  3  3  3  2  2  2  6  2  2  6  2  2  3  3  2  2  2  2  2  2  2  2  2  2  4  2  3  3  2  4  3  2  2  3  2  3  2  2  3  3  7  5  2  2  2  3  2  2  9  3  2  5  2  3  2  3  3  2  3  2  2  6  2  50  4  3  5  3  2  5  4  3  2  2  5  3  2  2  2  4  2  3  
3  2  3  2  3  40  2  5  3  57  4  9  2  2  7  2  2  2  5  3  3  3  2  5  2  2  2  2  2  2  2  2  5  3  2  10  2  3  64  6  2  2  4  2  3  4  2  3  3  6  2  2  2  3  3  2  2  3  3  2  5  2  2  2  2  2  4  2  2  3  3  2  32  6  3  2  4  2  2  3  2  3  9  3  2  4  14  5  2  2  2  2  3  4  2  2  2  5  4  3  
2  2  2  2  2  3  2  3  9  4  4  6  4  2  9  3  3  3  2  4  3  3  3  2  19  3  2  4  3  2  3  310  3  2  3  2  2  2  3  8  2  3  3  2  10  3  2  6  2  3  2  2  5  2  3  2  2  17  3  2  3  2  2  2  2  6  2  4  2  2  2  2  2  2  3  2  2  3  3  4  2  2  2  2  4  3  3  2  9  2  3  5  2  4  4  2  2  4  3  2  
2  3  3  2  2  3  2  2  10  2  2  2  2  3  3  4  2  5  3  3  2  2  45  2  2  3  3  3  2  2  2  2  8  2  2  3  5  3  2  3  14  3  9  8  3  106  2  3  2  2  2  9  2  2  2  2  7  3  2  6  5  2  2  3  2  5  2  2  3  3  4  4  9  2  2  5  2  2  3  13  5  2  3  2  2  2  2  3  3  3  2  2  3  2  3  2  4  2  7  3  
2  3  3  4  2  3  3  4  3  2  5  2  6  2  2  2  3  3  2  4  4  3  3  2  5  9  2  2  2  2  3  2  7  2  8  2  6  4  2  2  2  15  2  4  2  2  2  2  2  4  2  3  2  3  3  2  4  2  15  2  4  3  2  6  5  2  7  2  6  2  2  7  2  2  2  3  2  2  2  3  3  2  4  3  5  2  2  6  3  2  2  3  21  4  4  3  2  3  2  2  
3  2  2  2  5  4  2  2  2  3  18  2  2  3  4  2  2  3  4  6  3  2  5  2  2  2  2  2  2  3  2  6  3  2  10  2  2  2  2  2  54  2  3  2  5  2  5  2  2  2  5  2  11  2  2  2  3  3  2  2  3  2  3  2  4  2  2  2  5  2  2  5  2  4  6  2  2  2  5  42  2  3  2  7  2  2  2  2  3  3  3  2  2  4  2  2  3  2  3  2  
3  17  2  3  2  5  5  22  4  2  2  3  3  3  2  5  2  2  2  2  2  2  2  9  2  2  3  15  6  2  2  3  8  2  2  2  2  2  3  3  2  2  2  71  4  3  2  2  3  3  2  3  2  2  11  2  2  10  2  2  30  2  22  2  2  4  4  3  6  3  2  4  2  2  4  2  2  2  2  2  4  2  4  2  2  2  2  3  2  44  3  3  2  2  2  2  3  4  2  2  
3  3  2  2  3  3  2  3  2  4  4  3  47  3  2  2  2  2  2  55  2  4  2  7  4  2  14  2  2  2  2  4  3  4  2  3  2  5  2  3  3  2  3  2  5  5  6  2  5  21  4  2  2  3  3  2  8  2  2  2  3  3  2  22  3  2  3  3  2  2  2  7  3  3  2  2  3  2  3  6  3  2  2  2  2  2  17  3  3  2  5  2  2  3  2  4  3  25  2  3  
3  4  3  4  2  2  3  2  2  2  2  4  3  2  2  3  8  3  4  3  52  2  2  2  2  2  3  2  3  2  3  2  2  2  23  2  2  2  3  4  3  2  3  2  6  2  3  3  13  2  3  5  4  9  3  17  3  3  15  3  2  3  2  2  2  3  5  40  2  2  2  2  2  6  2  5  2  3  2  4  34  3  2  3  2  3  2  2  4  3  3  2  3  2  2  6  3  2  4  2  
2  2  2  3  3  2  2  2  2  2  3  3  2  4  2  2  4  3  2  3  6  2  2  3  2  2  2  3  3  3  33  3  2  3  3  2  3  2  2  2  10  5  3  2  3  2  3  2  2  2  2  2  2  3  4  2  2  3  3  3  5  2  4  2  4  8  2  5  8  2  2  78  3  2  3  2  8  3  6  2  2  2  2  107  3  2  2  3  3  3  2  5  2  6  2  3  3  2  2  2  
4  4  2  3  3  2  2  2  2  2  2  3  2  5  5  15  7  2  5  3  2  2  2  5  2  2  4  2  2  2  2  3  4  2  2  5  5  2  2  3  10  2  3  6  2  5  2  4  3  3  2  66  3  3  5  2  2  3  2  4  3  3  3  4  2  3  2  8  3  2  3  3  2  4  2  2  2  2  2  3  2  2  2  3  3  2  3  2  5  2  3  2  22  2  2  2  2  2  8  3  
2  3  2  2  2  5  2  2  4  2  2  2  2  6  2  2  4  3  3  2  5  2  5  2  2  2  3  8  2  2  3  5  3  2  2  3  2  2  2  2  2  4  5  2  2  4  7  2  2  3  5  2  2  5  3  5  2  2  2  2  10  2  2  3  2  2  2  2  4  3  2  2  2  2  3  2  2  2  2  3  2  6  2  3  3  3  2  5  7  8  2  2  3  3  5  2  3  2  10  3  
4  3  3  2  2  2  6  3  3  3  2  4  2  3  3  2  21  7  2  2  4  2  5  2  3  2  2  3  2  2  2  3  2  2  3  2  2  2  3  7  4  10  2  2  2  2  2  2  3  2  2  6  2  5  2  2  41  2  6  3  2  2  3  3  2  4  3  3  3  2  2  2  2  2  2  7  15  3  2  9  2  3  2  3  4  3  2  2  4  2  2  3  3  3  3  2  2  10  2  12  
23  2  3  2  3  12  2  2  2  3  5  2  3  10  2  4  2  4  2  9  3  2  4  17  3  2  3  5  3  2  2  2  2  2  2  4  2  2  3  3  2  148  3  2  2  2  2  2  2  3  2  2  7  2  3  3  3  2  2  3  3  4  2  2  4  3  3  4  2  2  2  2  2  15  2  3  3  4  2  3  2  2  2  23  3  2  2  2  2  3  2  3  2  3  3  2  3  2  3  3  
2  2  3  5  3  3  3  2  2  2  6  2  2  3  8  2  3  2  7  2  2  4  13  2  2  2  2  4  4  13  2  12  2  3  2  7  4  2  2  4  2  3  2  3  3  11  2  2  5  3  2  2  2  2  2  4  2  3  2  2  3  2  3  2  2  2  3  2  2  3  2  2  8  2  3  3  2  2  2  3  2  5  6  7  4  9  2  2  34  2  4  6  2  12  3  9  2  2  2  4  
2  2  3  3  5  4  2  2  34  3  19  2  2  2  3  2  2  2  2  3  6  3  2  3  4  2  2  2  2  3  5  2  2  2  4  3  2  3  2  2  2  3  2  2  6  4  2  2  3  3  2  2  6  17  19  16  3  8  2  3  4  6  2  8  2  2  2  2  2  2  3  4  5  6  2  2  4  2  3  2  2  3  7  6  3  3  2  4  3  2  3  3  3  2  2  3  2  2  2  2  
3  2  2  40  83  6  2  2  32  27  3  3  5  2  2  2  4  3  2  3  2  5  2  3  3  2  3  4  2  2  9  7  3  3  4  7  3  13  2  3  2  3  2  2  4  3  4  2  3  3  6  2  3  2  7  2  2  2  3  3  4  2  2  3  8  2  2  8  2  3  2  7  2  2  3  3  2  3  2  3  2  4  2  5  3  2  2  2  2  2  2  8  2  2  4  2  13  2  3  3  
2  8  7  2  4  3  3  2  2  2  2  2  3  2  6  2  34  2  2  2  2  2  2  2  2  2  2  2  2  2  2  3  2  3  8  3  2  3  2  2  2  2  2  4  6  3  7  2  3  2  2  2  2  3  2  3  2  3  2  2  4  2  4  2  2  2  7  5  4  3  3  3  3  5  3  2  6  2  3  3  2  2  2  12  2  4  3  2  2  8  7  2  2  2  8  2  4  5  2  3  
2  4  3  2  2  3  3  2  3  3  4  3  3  2  2  3  9  3  2  3  2  2  2  2  2  2  2  3  16  2  2  3  3  3  4  4  2  2  4  2  10  2  2  3  3  6  2  5  2  2  3  2  6  3  2  4  2  3  2  2  3  2  32  2  2  2  3  4  7  2  3  2  4  3  2  2  3  4  2  2  3  16  4  3  2  2  3  3  3  2  3  2  4  12  2  2  3  2  3  6  
2  2  4  3  23  2  2  3  2  2  48  2  2  3  3  3  3  4  3  3  5  2  2  2  2  3  4  2  3  2  3  2  3  2  12  2  3  3  3  2  2  2  2  3  2  4  2  3  3  2  6  3  3  2  3  2  18  2  2  3  2  3  3  2  15  7  2  4  3  2  2  2  3  2  35  4  3  2  2  5  2  2  2  2  3  3  3  3  3  2  3  3  3  2  3  3  2  11  4  4  
3  2  33  2  3  4  2  17  2  2  3  2  4  3  9  4  3  2  3  6  3  2  2  3  7  2  2  4  2  3  2  3  6  5  9  3  2  3  2  2  2  2  5  6  2  9  2  2  2  2  3  5  2  2  2  2  2  12  6  2  8  2  3  17  15  3  3  2  2  2  2  2  2  14  5  2  4  3  8  2  6  3  3  9  2  3  2  4  2  2  3  2  2  2  3  18  2  6  2  2  
2  4  2  2  2  3  13  4  3  2  2  3  2  3  2  4  2  2  2  2  3  5  2  9  2  2  2  2  2  2  2  2  2  3  2  3  4  2  3  3  2  3  2  7  10  2  2  2  3  3  2  3  2  2  3  2  3  3  2  2  2  7  2  2  25  2  2  2  2  7  2  2  3  5  3  3  3  2  3  2  2  3  2  5  2  2  4  3  2  2  4  2  2  2  2  2  4  4  2  2  
3  4  3  3  3  2  5  3  3  5  2  2  2  3  6  4  2  4  2  7  2  103  3  4  5  5  2  16  2  2  3  2  4  9  2  2  2  2  3  2  3  3  2  3  8  6  2  6  4  2  2  2  2  8  2  2  2  2  2  3  12  3  5  3  2  2  2  2  2  4  2  2  2  2  11  2  3  2  2  2  2  4  5  3  2  2  2  2  2  6  2  5  3  2  3  2  2  2  5  2  
3  5  2  2  2  3  3  3  2  2  3  136  2  2  2  2  2  4  2  3  2  2  4  2  3  2  2  3  2  3  2  5  4  2  5  2  3  2  3  2  2  2  2  2  19  5  2  5  3  3  2  2  2  14  3  11  2  2  2  2  3  4  2  32  2  3  3  2  5  2  2  7  5  2  4  3  3  3  2  4  3  3  38  2  2  14  2  3  2  238  3  3  2  3  2  2  6  2  2  3  
2  2  2  5  2  2  2  5  3  2  2  3  3  2  2  2  2  4  3  15  2  2  15  2  3  5  2  8  2  2  2  3  2  42  6  2  2  2  3  2  4  4  3  3  3  2  3  2  5  3  2  2  8  2  3  2  2  18  5  4  3  3  3  3  2  2  2  2  3  2  3  3  2  3  13  6  5  2  2  2  2  2  3  2  2  2  8  3  2  2  9  2  2  3  3  6  2  2  2  3  
2  3  3  2  2  2  5  2  3  2  3  24  2  5  4  2  2  150  2  2  2  2  2  4  2  2  6  2  3  2  3  14  2  2  3  2  3  3  2  3  66  2  2  2  3  2  2  2  2  6  4  14  3  4  2  2  2  3  7  2  20  5  2  2  2  3  3  3  2  3  2  5  3  3  3  3  12  3  3  2  2  4  3  70  3  2  21  9  2  2  2  3  5  2  5  6  2  2  4  3  
2  2  2  3  2  2  2  8  2  3  3  3  2  3  18  4  2  3  2  2  2  4  2  2  58  2  2  3  11  2  2  4  2  2  3  2  2  2  4  2  4  3  2  2  3  2  3  12  2  6  2  4  2  3  2  2  3  2  4  2  2  28  2  2  2  3  2  6  2  8  3  3  4  2  3  2  2  4  2  2  7  8  3  2  2  3  2  2  2  2  9  2  3  2  3  2  2  2  3  2  
3  2  2  7  8  2  2  2  2  10  63  3  2  2  3  2  4  37  4  2  4  2  3  3  4  3  116  4  2  2  3  2  14  2  2  15  2  2  3  2  3  2  2  2  2  4  2  14  2  3  2  11  2  4  3  9  2  2  2  2  5  2  2  2  2  4  3  8  2  3  3  3  2  19  4  2  3  11  3  14  3  7  3  2  2  2  3  6  2  3  2  2  2  15  3  2  2  2  2  6  
2  2  2  2  3  3  2  4  3  2  2  2  2  4  2  4  40  2  4  2  2  2  2  3  2  3  8  3  2  2  3  2  3  2  3  2  3  3  3  3  3  4  2  3  331  4  3  2  3  2  2  2  3  3  2  3  2  6  5  3  2  2  3  3  2  3  3  2  10  10  12  8  8  2  2  3  2  58  5  2  5  3  2  3  2  2  3  2  3  5  2  3  3  2  2  4  2  2  3  3  
5  2  3  2  4  2  3  6  4  2  2  2  5  2  2  625  11  3  4  2  3  3  2  7  2  2  5  2  2  2  3  5  3  3  5  2  6  2  6  2  2  2  3  3  3  6  2  2  10  7  22  2  3  7  2  2  3  3  8  3  2  4  2  2  4  18  2  2  2  5  8  5  3  2  4  2  3  2  2  2  2  2  5  2  2  2  3  2  3  5  17  2  3  48  2  2  4  3  2  2  
2  6  2  2  2  2  3  5  3  2  3  2  2  2  8  3  5  2  6  2  5  10  3  2  2  2  3  2  2  3  2  23  2  5  2  2  2  2  2  2  2  2  3  2  2  2  3  2  3  2  2  5  3  6  2  2  2  2  2  2  2  3  3  2  3  3  2  2  3  4  2  2  2  2  2  2  4  2  2  2  3  3  5  2  2  2  3  3  2  2  3  3  7  2  2  2  2  2  2  2  
3  2  3  7  3  2  3  6  3  2  3  2  3  3  2  3  2  4  2  3  2  3  2  3  2  2  4  4  4  3  5  2  3  2  2  4  2  3  2  2  2  2  2  14  3  4  7  3  16  2  2  2  7  36  2  6  7  3  2  4  4  2  2  4  2  2  4  8  3  3  2  2  9  3  2  2  2  3  8  3  2  4  2  2  2  3  2  5  7  2  4  2  3  2  4  2  2  5  2  3  
7  3  4  2  2  3  4  2  3  2  3  19  2  2  2  2  2  2  2  2  2  2  2  4  13  4  3  6  2  2  2  2  3  4  2  2  4  2  2  4  3  3  3  2  29  2  2  2  2  2  2  3  2  2  2  3  4  4  3  2  5  2  3  2  2  5  6  2  3  3  3  2  3  2  3  2  2  2  2  2  2  2  2  3  2  2  2  4  8  12  17  9  8  2  2  27  2  3  2  2  
4  2  4  2  2  3  2  3  3  3  3  3  4  2  4  2  3  2  3  3  2  3  2  2  3  5  2  3  2  3  5  3  5  3  3  2  2  3  2  14  2  2  2  2  3  3  3  4  3  3  3  5  3  3  3  5  3  2  3  124  3  3  4  2  6  2  3  2  2  3  3  4  2  2  2  2  10  2  2  3  4  2  2  2  9  2  3  2  2  2  2  4  2  3  2  7  4  2  4  7  
3  2  4  2  2  2  2  3  2  2  2  2  2  7  2  2  4  2  2  2  2  2  2  2  3  2  37  2  6  3  5  2  2  2  2  4  13  3  6  4  2  2  2  2  2  25  17  4  2  2  2  2  2  6  2  2  12  2  2  3  2  2  5  2  3  2  4  2  2  31  4  2  2  2  2  4  2  2  3  4  2  2  2  2  5  2  2  2  3  2  2  2  2  2  2  2  4  4  2  4  
3  2  2  2  3  2  3  2  2  2  2  10  2  3  2  4  2  2  3  2  5  4  10  4  2  4  2  5  2  2  2  2  9  4  27  4  3  2  2  2  4  2  2  3  2  3  3  3  2  11  5  4  279  3  2  2  2  2  2  7  2  255  2  2  2  3  2  3  2  2  3  2  8  2  2  6  2  2  2  2  2  3  3  3  2  3  3  2  2  7  2  2  2  2  2  3  3  86  8  2  
2  2  4  2  4  2  2  4  2  7  4  6  2  4  5  4  2  2  2  2  2  2  2  2  2  2  9  2  2  4  2  3  2  3  7  2  2  4  2  2  2  44  4  3  2  3  2  3  2  8  7  3  2  3  2  2  3  13  2  2  2  2  2  2  13  3  2  3  3  2  3  2  3  5  2  2  2  2  3  4  7  2  3  3  4  3  3  2  4  2  44  6  3  3  2  3  2  2  3  3  
3  2  2  2  3  2  3  3  2  3  2  2  3  2  10  2  6  2  3  2  4  3  3  2  5  3  4  2  2  3  3  3  2  2  3  2  2  3  2  7  2  3  2  2  2  3  2  3  2  2  2  3  3  27  2  2  3  25  3  2  13  4  2  3  2  2  2  2  2  4  9  3  2  4  2  10  3  2  10  6  22  13  5  2  2  2  2  2  2  3  4  3  2  3  7  3  2  2  3  2  
2  2  2  4  2  7  6  6  3  4  2  2  2  2  11  3  2  2  2  2  2  3  3  15  2  5  2  9  3  2  10  2  2  2  13  2  2  2  2  2  10  11  2  2  2  4  3  158  3  4  2  3  3  29  3  22  2  3  3  2  2  2  3  2  3  2  2  2  6  2  3  114  5  2  4  2  2  2  2  12  2  8  4  2  2  2  2  3  2  4  2  8  2  3  2  2  2  2  3  5  
3  3  2  2  3  3  2  3  2  3  3  2  6  2  2  6  2  5  11  2  2  3  2  2  2  3  2  2  2  2  2  4  3  3  3  3  2  2  3  4  21  3  2  2  2  3  2  3  3  2  2  2  9  3  2  3  4  3  4  3  3  2  2  2  2  4  3  3  7  24  6  2  3  2  15  10  3  2  2  3  13  2  4  4  9  3  2  3  9  2  2  2  2  4  2  2  3  3  2  3  
3  5  2  4  3  3  2  4  3  4  2  3  4  2  2  4  17  12  4  12  5  3  4  4  14  2  10  2  2  2  2  31  2  2  2  2  3  2  3  2  2  2  3  8  4  4  2  2  3  9  3  2  3  3  3  7  2  13  3  2  2  16  2  3  3  3  4  3  7  3  3  8  3  2  3  2  3  2  2  2  4  3  3  2  7  2  5  2  2  2  2  3  2  3  2  9  2  3  4  2  
2  2  2  17  11  4  4  13  2  2  4  3  2  3  2  2  4  9  2  3  2  2  3  3  4  6  2  3  4  2  3  2  3  3  3  2  6  4  2  6  2  3  14  5  4  3  5  2  3  2  5  3  10  2  3  2  2  2  2  15  9  3  2  2  2  3  5  3  2  2  5  2  3  5  4  2  6  2  2  3  2  2  2  2  9  3  2  2  4  2  2  2  2  2  2  3  4  2  2  2  
4  2  2  4  59  2  2  6  3  2  2  21  210  7  2  2  2  4  6  2  2  2  2  10  3  2  2  4  2  4  4  2  2  2  3  2  2  2  21  2  2  2  3  3  3  2  3  3  2  2  2  2  2  2  2  3  2  2  7  4  3  2  44  3  3  5  2  3  2  4  6  3  3  2  2  2  5  2  2  6  2  2  2  2  2  53  7  2  2  4  2  3  3  5  2  2  2  2  2  5  
5  2  2  4  2  2  3  3  6  10  2  6  3  2  6  2  3  2  2  2  2  2  3  3  4  3  2  2  2  185  2  2  3  2  2  3  2  4  2  3  2  3  2  3  10  2  2  2  2  3  2  8  2  2  2  3  2  2  2  3  33  2  5  2  2  2  3  4  2  2  2  4  2  3  2  2  4  2  3  2  5  6  4  2  3  3  4  2  5  2  4  4  2  9  2  3  8  3  4  2  
4  4  2  5  2  2  2  2  3  2  2  3  2  2  3  2  2  3  2  3  2  3  3  2  2  3  2  2  2  6  2  7  2  2  2  2  2  5  2  3  2  2  2  2  5  4  2  2  4  2  2  2  2  2  2  3  2  3  10  16  2  2  2  2  4  3  2  2  2  2  2  2  4  2  3  3  12  2  5  3  3  2  4  2  2  2  2  2  2  2  2  3  4  3  2  3  21  2  2  2  
2  8  2  2  2  2  2  2  4  4  2  3  26  2  8  16  7  2  3  3  2  2  4  2  2  2  2  2  3  43  4  2  3  4  3  2  3  3  13  4  3  2  4  4  4  5  3  2  2  4  3  6  2  3  3  2  6  5  2  18  3  2  2  2  5  2  5  7  3  2  2  2  3  2  2  2  2  3  2  11  3  4  2  2  3  2  2  9  2  3  2  9  2  6  5  2  2  5  9  15  
3  2  2  3  10  3  3  4  2  2  2  528  3  3  2  2  2  2  6  2  2  14  2  2  2  3  2  2  3  4  5  2  2  2  3  2  2  3  10  2  11  3  3  2  2  2  3  6  2  2  2  2  3  9  2  6  3  3  2  3  2  3  4  2  2  2  3  7  4  2  2  7  3  3  2  11  2  5  2  2  2  2  2  2  2  2  2  2  12  2  2  4  2  3  2  7  8  2  2  2  
2  3  4  11  2  6  2  2  4  2  2  10  2  2  3  4  2  4  2  2  3  6  2  2  3  2  7  5  5  2  3  2  3  2  2  3  3  2  3  2  3  3  2  3  2  2  2  14  3  2  3  2  2  3  2  2  3  3  3  4  6  2  6  2  2  2  3  17  3  2  3  3  2  3  2  3  2  2  5  2  17  3  4  2  131  4  28  2  2  3  3  2  5  2  3  5  2  5  5  2  
2  7  2  4  2  2  2  3  5  2  2  10  6  2  2  3  3  3  2  4  5  41  3  3  3  3  2  2  3  8  2  3  2  3  2  2  7  2  2  18  8  4  3  3  2  12  2  3  2  2  3  3  2  2  19  4  4  2  6  2  4  4  5  9  28  4  2  3  6  2  2  3  2  2  3  2  2  2  2  2  2  6  2  349  5  3  3  2  2  327  2  4  2  2  3  4  2  2  6  4  
2  2  12  6  2  2  2  3  5  2  2  2  2  2  21  2  7  3  3  3  2  2  6  5  2  2  3  2  2  2  2  3  2  3  13  18  7  3  2  3  13  3  2  2  7  2  2  5  2  8  4  2  31  2  4  7  2  2  3  2  3  13  3  2  3  2  7  2  2  2  2  3  3  3  2  5  2  2  4  3  4  2  2  3  63  2  5  3  2  3  2  12  2  2  2  2  11  3  3  4  
3  33  5  17  3  2  5  3  2  2  3  2  3  2  19  4  2  2  3  3  2  3  10  3  2  2  18  4  2  3  4  14  11  3  2  6  2  3  4  3  3  3  2  3  2  2  2  3  2  2  2  5  6  2  2  2  3  2  2  3  3  2  6  2  2  2  5  2  2  3  2  2  2  4  2  4  5  2  2  2  2  2  4  2  10  749  3  3  2  2  5  10  2  2  5  5  12  2  2  4  
6  2  6  2  2  2  2  2  3  2  2  2  3  2  3  4  2  6  3  261  4  3  2  2  3  18  3  5  13  3  2  2  2  2  2  3  10  3  3  7  3  2  4  8  2  3  2  5  3  2  10  2  3  3  3  9  2  2  3  3  2  9  3  2  2  3  2  2  4  3  2  3  13  2  2  2  180  2  3  3  2  5  3  2  3  3  2  22  3  2  2  2  2  2  2  2  3  3  2  2  
2  2  4  3  2  3  2  2  4  2  38  2  2  2  2  3  2  4  2  3  2  4  2  2  2  2  31  3  4  5  4  2  4  2  2  3  2  2  2  2  2  2  2  3  2  14  2  3  2  3  5  14  3  2  2  2  2  2  2  4  3  3  31  4  3  3  3  3  2  2  4  2  11  5  3  2  16  2  3  2  3  2  2  4  2  4  2  3  2  2  2  7  3  9  6  7  2  2  12  2  
3  3  3  4  2  2  2  3  6  2  2  2  2  2  2  4  5  2  2  2  2  4  2  3  2  4  3  4  2  2  2  37  2  3  9  3  2  8  5  49  3  2  2  3  2  2  3  3  2  2  2  2  2  2  2  2  142  2  2  2  10  2  2  3  2  2  2  2  3  5  2  3  174  3  3  3  2  70  3  2  4  5  4  27  2  2  2  2  26  2  2  10  3  2  2  2  3  15  3  2  
5  3  2  3  4  2  2  2  4  2  4  2  2  5  3  2  2  5  4  2  2  3  3  2  4  2  3  2  30  2  9  5  5  7  2  3  2  45  2  2  7  2  3  3  2  2  3  2  72  7  3  4  2  2  10  3  2  2  2  2  2  5  2  3  2  2  2  2  2  2  2  3  9  2  3  4  4  118  4  5  2  4  2  2  2  4  4  3  2  2  3  2  2  6  2  2  2  4  5  2  
4  2  2  2  3  2  2  2  155  2  2  2  2  4  2  2  2  2  2  3  3  2  2  2  3  2  2  5  2  2  2  3  2  3  2  4  3  4  2  3  3  3  5  2  2  3  4  2  3  2  2  3  4  2  2  2  2  5  4  2  2  38  2  3  2  8  4  2  5  2  2  2  2  4  2  3  2  2  2  2  2  2  2  2  3  2  2  126  12  2  2  3  38  2  3  2  2  10  2  2  
3  3  2  2  3  13  2  12  2  2  14  2  6  2  2  3  4  3  9  2  2  2  3  11  2  27  3  4  2  4  6  3  3  2  4  18  2  3  2  3  3  2  3  2  2  2  2  2  6  4  2  2  5  3  3  2  4  6  3  3  2  2  5  5  2  2  2  2  5  2  2  2  2  3  2  3  2  2  2  4  3  2  2  6  3  2  3  2  12  2  4  2  2  3  7  3  2  2  3  5  
2  10  4  10  4  2  2  3  2  59  12  2  3  2  3  7  3  7  12  2  2  3  7  5  4  2  2  3  4  2  3  2  3  8  2  3  2  3  2  2  2  2  2  2  2  4  2  3  2  2  5  2  2  2  3  5  2  2  8  2  7  2  2  2  4  3  2  2  3  2  2  4  2  2  3  3  3  2  2  2  2  2  5  2  3  2  7  2  3  2  2  3  2  2  5  8  5  2  2  22  
2  3  2  3  2  3  3  2  2  2  2  2  10  2  2  2  4  2  5  2  22  2  2  4  2  2  5  2  2  2  3  2  4  3  2  8  2  2  6  4  2  14  3  5  4  3  3  3  3  4  2  2  2  8  12  2  2  3  2  2  4  2  2  2  5  3  7  2  2  2  2  2  3  8  7  4  2  2  3  2  2  3  2  2  2  2  2  5  2  2  8  10  2  16  2  2  2  2  4  2  
